date,symbol,priceHigh,priceLow,priceOpen,priceAverage,priceClose,priceBasic,totalVolume,dealVolume,putthroughVolume,totalValue,putthroughValue,buyForeignQuantity,buyForeignValue,sellForeignQuantity,sellForeignValue,buyCount,buyQuantity,sellCount,sellQuantity,adjRatio,currentForeignRoom,propTradingNetDealValue,propTradingNetPTValue,propTradingNetValue,unit
2016-10-05T00:00:00,TCH,18.0,18.0,18.0,18.0,18.0,0.0,205890.0,205890.0,0.0,3706020000.0,0.0,0.0,0.0,0.0,0.0,1048.0,5679920.0,51.0,205890.0,2.7087801837217054,161697340.0,,,,1000.0
2016-10-06T00:00:00,TCH,19.25,19.25,19.25,19.25,19.25,18.0,14250.0,14250.0,0.0,274312500.0,0.0,0.0,0.0,0.0,0.0,1538.0,6049250.0,147.0,14250.0,2.7087801837217054,161697340.0,,,,1000.0
2016-10-07T00:00:00,TCH,20.55,20.55,20.55,20.55,20.55,19.25,30910.0,30910.0,0.0,635200500.0,0.0,0.0,0.0,0.0,0.0,1251.0,3890390.0,39.0,30910.0,2.7087801837217054,161697340.0,,,,1000.0
2016-10-10T00:00:00,TCH,21.95,21.95,21.95,21.95,21.95,20.55,450360.0,450360.0,0.0,9885402000.0,0.0,0.0,0.0,0.0,0.0,1017.0,4299260.0,104.0,450360.0,2.7087801837217054,161697340.0,,,,1000.0
2016-10-11T00:00:00,TCH,23.45,23.45,23.45,23.45,23.45,21.95,799790.0,799790.0,0.0,18755075500.0,0.0,19000.0,445550000.0,0.0,0.0,918.0,4831080.0,407.0,799790.0,2.7087801837217054,161678340.0,,,,1000.0
2016-10-12T00:00:00,TCH,25.05,25.05,25.05,25.05,25.05,23.45,1130610.0,1130610.0,0.0,28321780500.0,0.0,7000.0,175350000.0,0.0,0.0,1052.0,5249960.0,276.0,1130610.0,2.7087801837217054,161671340.0,,,,1000.0
2016-10-13T00:00:00,TCH,26.8,26.75,26.8,26.799814360369755,26.8,25.05,3145880.0,3145880.0,0.0,84309000000.0,0.0,30100.0,806680000.0,0.0,0.0,2042.0,5802390.0,194.0,3156660.0,2.7087801837217054,161641240.0,,,,1000.0
2016-10-14T00:00:00,TCH,28.65,28.0,28.5,28.60233510343471,28.65,26.8,2242380.0,2242380.0,0.0,64137304189.23993,0.0,13000.0,371700000.0,0.0,0.0,1608.0,4153560.0,551.0,2338240.0,2.7087801837217054,161628240.0,,,,1000.0
2016-10-17T00:00:00,TCH,30.65,30.4,30.6,30.64498060577206,30.65,28.65,1428260.0,1428260.0,0.0,43769000000.0,0.0,11390.0,349080000.0,4000.0,122400000.0,1405.0,3037730.0,768.0,1462670.0,2.7087801837217054,161616850.0,,,,1000.0
2016-10-18T00:00:00,TCH,32.75,32.7,32.75,32.74700234810276,32.75,30.65,1439460.0,1439460.0,0.0,47138000000.0,0.0,14050.0,460040000.0,0.0,0.0,1389.0,2492800.0,657.0,1483000.0,2.7087801837217054,161602800.0,,,,1000.0
2016-10-19T00:00:00,TCH,34.95,30.5,34.95,31.377855836920375,30.5,32.75,1389260.0,1389260.0,0.0,43592000000.0,0.0,10100.0,312600000.0,6600.0,214710000.0,1791.0,1964420.0,2019.0,4266330.0,2.7087801837217054,161592700.0,,,,1000.0
2016-10-20T00:00:00,TCH,28.4,28.4,28.4,28.4,28.4,30.5,805310.0,805310.0,0.0,22870804000.0,0.0,0.0,0.0,1000.0,28400000.0,141.0,805310.0,1999.0,7200160.0,2.7087801837217054,161596700.0,,,,1000.0
2016-10-21T00:00:00,TCH,29.55,26.45,26.45,26.930118930783763,29.0,28.4,3892820.0,3892820.0,0.0,104834105576.13365,0.0,11500.0,313830000.0,22890.0,616350000.0,2076.0,5564160.0,2809.0,7403730.0,2.7087801837217054,161585200.0,,,,1000.0
2016-10-24T00:00:00,TCH,29.85,29.05,29.1,29.29671109963528,29.65,29.0,1239320.0,1239320.0,0.0,36308000000.0,0.0,3000.0,88200000.0,46500.0,1364780000.0,541.0,2466280.0,830.0,1769770.0,2.7087801837217054,161588800.0,,,,1000.0
2016-10-25T00:00:00,TCH,30.6,27.9,29.75,28.909729458531125,28.45,29.65,1387380.0,1387380.0,0.0,40108780456.17691,0.0,1000.0,28300000.0,3000.0,87000000.0,701.0,2406360.0,1111.0,2724960.0,2.7087801837217054,161588800.0,,,,1000.0
2016-10-26T00:00:00,TCH,28.5,26.55,27.0,27.12133372245732,28.5,28.45,2192960.0,2192960.0,0.0,59476000000.0,0.0,4800.0,128920000.0,12800.0,355200000.0,733.0,9728350.0,1195.0,3196890.0,2.7087801837217054,161606890.0,,,,1000.0
2016-10-27T00:00:00,TCH,29.85,28.65,28.65,29.303871483966272,29.8,28.5,1137290.0,1137290.0,0.0,33327000000.0,0.0,0.0,0.0,2000.0,59600000.0,762.0,3899910.0,887.0,1927780.0,2.7087801837217054,161653390.0,,,,1000.0
2016-10-28T00:00:00,TCH,30.4,28.1,28.1,29.539898257044936,30.2,29.8,1771130.0,1771130.0,0.0,52319000000.0,0.0,0.0,0.0,10800.0,316540000.0,640.0,5239550.0,1168.0,2891220.0,2.7087801837217054,161656390.0,,,,1000.0
2016-10-31T00:00:00,TCH,29.85,28.1,29.85,28.70722433460076,28.3,30.2,557560.0,557560.0,0.0,16006000000.0,0.0,0.0,0.0,1800.0,53250000.0,919.0,1374630.0,794.0,1281540.0,2.7087801837217054,161669190.0,,,,1000.0
2016-11-01T00:00:00,TCH,28.8,26.35,26.7,27.245877953425122,28.3,28.3,941280.0,941280.0,0.0,25646000000.0,0.0,0.0,0.0,3020.0,81840000.0,828.0,1761280.0,804.0,1575020.0,2.7087801837217054,161671190.0,,,,1000.0
2016-11-02T00:00:00,TCH,28.35,26.35,28.35,26.909497389478847,26.35,28.3,733570.0,733570.0,0.0,19740000000.0,0.0,0.0,0.0,0.0,0.0,636.0,816240.0,723.0,1518810.0,2.7087801837217054,161681990.0,,,,1000.0
2016-11-03T00:00:00,TCH,25.4,24.55,24.55,24.62164477441462,24.55,26.35,280160.0,280160.0,0.0,6898000000.0,0.0,0.0,0.0,0.0,0.0,235.0,369180.0,638.0,1362210.0,2.7087801837217054,161683790.0,,,,1000.0
2016-11-04T00:00:00,TCH,23.95,22.85,22.85,23.455386545397523,23.7,24.55,1020320.0,1020320.0,0.0,23932000000.0,0.0,0.0,0.0,500.0,11850000.0,496.0,1534870.0,848.0,1500600.0,2.7087801837217054,161686810.0,,,,1000.0
2016-11-07T00:00:00,TCH,24.0,22.05,23.0,22.307478454267446,22.05,23.7,179850.0,179850.0,0.0,4012000000.0,0.0,0.0,0.0,0.0,0.0,259.0,219290.0,535.0,898180.0,2.7087801837217054,161686810.0,,,,1000.0
2016-11-08T00:00:00,TCH,23.55,20.55,20.55,22.01832520864705,23.55,22.05,1175430.0,1175430.0,0.0,25881000000.0,0.0,0.0,0.0,0.0,0.0,769.0,2590540.0,501.0,1385350.0,2.7087801837217054,161686810.0,,,,1000.0
2016-11-09T00:00:00,TCH,24.55,22.5,23.65,23.831695888193313,23.85,23.55,1376620.0,1376620.0,0.0,32807189193.60468,0.0,8000.0,191200000.0,0.0,0.0,625.0,2014140.0,508.0,1875980.0,2.7087801837217054,161679310.0,,,,1000.0
2016-11-10T00:00:00,TCH,25.5,23.9,23.95,24.491581727730875,23.9,23.85,617110.0,617110.0,0.0,15114000000.0,0.0,0.0,0.0,0.0,0.0,708.0,1454540.0,499.0,1011730.0,2.7087801837217054,161679310.0,,,,1000.0
2016-11-11T00:00:00,TCH,23.9,22.25,22.5,22.80509362315045,22.25,23.9,610960.0,610960.0,0.0,13933000000.0,0.0,0.0,0.0,0.0,0.0,676.0,938160.0,532.0,1053390.0,2.7087801837217054,161679310.0,,,,1000.0
2016-11-14T00:00:00,TCH,22.1,21.0,22.0,21.680425046105206,21.85,22.25,910960.0,910960.0,0.0,19750000000.0,0.0,0.0,0.0,0.0,0.0,518.0,1501020.0,473.0,1302030.0,2.7087801837217054,161679310.0,,,,1000.0
2016-11-15T00:00:00,TCH,22.35,21.9,21.9,22.20409642921878,22.3,21.85,717210.0,717210.0,0.0,15925000000.0,0.0,0.0,0.0,0.0,0.0,396.0,1258160.0,318.0,1033010.0,2.7087801837217054,161679310.0,,,,1000.0
2016-11-16T00:00:00,TCH,22.95,22.4,22.4,22.702273437698008,22.6,22.3,1183670.0,1183670.0,0.0,26872000000.0,0.0,0.0,0.0,0.0,0.0,304.0,1471710.0,389.0,1524810.0,2.7087801837217054,161679310.0,,,,1000.0
2016-11-17T00:00:00,TCH,22.6,22.0,22.0,22.272774140330977,22.3,22.6,775880.0,775880.0,0.0,17281000000.0,0.0,0.0,0.0,0.0,0.0,293.0,1137800.0,333.0,1130810.0,2.7087801837217054,161679310.0,,,,1000.0
2016-11-18T00:00:00,TCH,23.45,22.4,22.4,22.843004075295944,23.3,22.3,1545900.0,1545900.0,0.0,35313000000.0,0.0,0.0,0.0,0.0,0.0,416.0,2162450.0,488.0,1968730.0,2.7087801837217054,161679310.0,,,,1000.0
2016-11-21T00:00:00,TCH,24.8,23.35,23.5,23.484734546548353,23.35,23.3,265960.0,265960.0,0.0,6246000000.0,0.0,0.0,0.0,0.0,0.0,246.0,354850.0,285.0,602870.0,2.7087801837217054,161679310.0,,,,1000.0
2016-11-22T00:00:00,TCH,23.85,23.35,23.35,23.572095350829073,23.45,23.35,1039110.0,1039110.0,0.0,24494000000.0,0.0,0.0,0.0,0.0,0.0,333.0,2177550.0,406.0,1469790.0,2.7087801837217054,161679310.0,,,,1000.0
2016-11-23T00:00:00,TCH,23.8,21.85,23.45,22.286557674841053,22.2,23.45,352320.0,352320.0,0.0,7852000000.0,0.0,0.0,0.0,0.0,0.0,389.0,439060.0,334.0,707690.0,2.7087801837217054,161679310.0,,,,1000.0
2016-11-24T00:00:00,TCH,22.45,21.0,22.2,21.441950874712845,21.2,22.2,282950.0,282950.0,0.0,6067000000.0,0.0,0.0,0.0,0.0,0.0,551.0,378350.0,302.0,468280.0,2.7087801837217054,161679310.0,,,,1000.0
2016-11-25T00:00:00,TCH,21.4,19.8,21.2,20.47540417034676,20.5,21.2,260410.0,260410.0,0.0,5332000000.0,0.0,0.0,0.0,0.0,0.0,361.0,357930.0,259.0,368930.0,2.7087801837217054,161679310.0,,,,1000.0
2016-11-28T00:00:00,TCH,20.6,19.1,20.55,19.609993906154784,19.3,20.5,164100.0,164100.0,0.0,3218000000.0,0.0,0.0,0.0,0.0,0.0,385.0,228460.0,315.0,458790.0,2.7087801837217054,161679310.0,,,,1000.0
2016-11-29T00:00:00,TCH,20.65,18.05,18.1,19.643282436687926,20.65,19.3,377890.0,377890.0,0.0,7423000000.0,0.0,0.0,0.0,0.0,0.0,356.0,1701190.0,170.0,409850.0,2.7087801837217054,161679310.0,,,,1000.0
2016-11-30T00:00:00,TCH,22.0,20.4,20.8,21.221433623570157,20.75,20.65,410010.0,410010.0,0.0,8701000000.0,0.0,0.0,0.0,0.0,0.0,468.0,551190.0,350.0,653630.0,2.7087801837217054,161679310.0,,,,1000.0
2016-12-01T00:00:00,TCH,20.75,19.5,20.75,19.849279161205768,19.7,20.75,152600.0,152600.0,0.0,3029000000.0,0.0,0.0,0.0,0.0,0.0,332.0,255470.0,243.0,379090.0,2.7087801837217054,161679310.0,,,,1000.0
2016-12-02T00:00:00,TCH,19.7,18.7,18.7,19.15226702111948,19.2,19.7,338550.0,338550.0,0.0,6484000000.000001,0.0,0.0,0.0,0.0,0.0,457.0,600880.0,235.0,589380.0,2.7087801837217054,161679310.0,,,,1000.0
2016-12-05T00:00:00,TCH,18.65,18.0,18.0,18.58196761895331,18.65,19.2,403940.0,403940.0,0.0,7506000000.0,0.0,0.0,0.0,0.0,0.0,155.0,1358930.0,67.0,414540.0,2.4625274397470043,161679310.0,,,,1000.0
2016-12-06T00:00:00,TCH,19.4,18.65,18.8,18.96536312849162,18.7,18.65,447500.0,447500.0,0.0,8487000000.0,0.0,0.0,0.0,0.0,0.0,347.0,643080.0,304.0,753420.0,2.4625274397470043,161679310.0,,,,1000.0
2016-12-07T00:00:00,TCH,19.15,18.1,18.1,18.51236780001748,19.1,18.7,457640.0,457640.0,0.0,8472000000.0,0.0,0.0,0.0,0.0,0.0,459.0,839750.0,271.0,626770.0,2.4625274397470043,161679310.0,,,,1000.0
2016-12-08T00:00:00,TCH,19.8,19.1,19.5,19.435522575405177,19.8,19.1,541740.0,541740.0,0.0,10529000000.0,0.0,0.0,0.0,0.0,0.0,285.0,675480.0,301.0,778830.0,2.4625274397470043,161679310.0,,,,1000.0
2016-12-09T00:00:00,TCH,19.8,19.3,19.3,19.52322028334049,19.8,19.8,395990.0,395990.0,0.0,7731000000.0,0.0,0.0,0.0,8000.0,154820000.0,285.0,528290.0,259.0,605700.0,2.4625274397470043,161679310.0,,,,1000.0
2016-12-12T00:00:00,TCH,19.5,18.65,19.3,19.113179497123653,18.65,19.8,154710.0,154710.0,0.0,2957000000.0000005,0.0,0.0,0.0,0.0,0.0,175.0,223420.0,170.0,400090.0,2.4625274397470043,161679310.0,,,,1000.0
2016-12-13T00:00:00,TCH,18.45,17.5,18.35,17.846287451150673,17.5,18.65,115150.0,115150.0,0.0,2055000000.0000002,0.0,0.0,0.0,0.0,0.0,186.0,201720.0,164.0,268580.0,2.4625274397470043,161679310.0,,,,1000.0
2016-12-14T00:00:00,TCH,18.2,16.9,17.1,17.57360959651036,17.55,17.5,188730.0,188730.0,0.0,3316667339.1494,0.0,0.0,0.0,0.0,0.0,210.0,324370.0,128.0,328180.0,2.4625274397470043,161687310.0,,,,1000.0
2016-12-15T00:00:00,TCH,17.65,17.3,17.45,17.49302087838635,17.6,17.55,254330.0,254330.0,0.0,4449000000.0,0.0,0.0,0.0,0.0,0.0,280.0,396680.0,156.0,363040.0,2.4625274397470043,161687310.0,,,,1000.0
2016-12-16T00:00:00,TCH,17.8,17.6,17.65,17.650955896271057,17.7,17.6,316980.0,316980.0,0.0,5595000000.0,0.0,0.0,0.0,0.0,0.0,227.0,475190.0,146.0,503050.0,2.4625274397470043,161687310.0,,,,1000.0
2016-12-19T00:00:00,TCH,17.95,17.55,17.6,17.70996405970939,17.9,17.7,461400.0,461400.0,0.0,8171377417.149912,0.0,0.0,0.0,0.0,0.0,208.0,627690.0,149.0,571490.0,2.4625274397470043,161687310.0,,,,1000.0
2016-12-20T00:00:00,TCH,18.1,17.8,17.85,17.87413265460716,17.85,17.9,330030.0,330030.0,0.0,5899000000.0,0.0,0.0,0.0,0.0,0.0,264.0,430710.0,302.0,444630.0,2.4625274397470043,161687310.0,,,,1000.0
2016-12-21T00:00:00,TCH,17.9,17.5,17.85,17.70641440544353,17.85,17.85,602550.0,602550.0,0.0,10669000000.0,0.0,0.0,0.0,0.0,0.0,259.0,828110.0,328.0,720520.0,2.4625274397470043,161687310.0,,,,1000.0
2016-12-22T00:00:00,TCH,17.8,17.25,17.7,17.62608252674478,17.5,17.85,137410.0,137410.0,0.0,2422000000.0,0.0,0.0,0.0,0.0,0.0,237.0,230250.0,282.0,242160.0,2.4625274397470043,161687310.0,,,,1000.0
2016-12-23T00:00:00,TCH,17.5,17.0,17.35,17.348754448398576,17.35,17.5,67440.0,67440.0,0.0,1170000000.0,0.0,0.0,0.0,0.0,0.0,110.0,103050.0,91.0,146800.0,2.4625274397470043,161687310.0,,,,1000.0
2016-12-26T00:00:00,TCH,17.45,16.8,17.4,17.308792675948883,17.1,17.35,104860.0,104860.0,0.0,1815000000.0,0.0,0.0,0.0,0.0,0.0,109.0,155470.0,92.0,155500.0,2.4625274397470043,161687310.0,,,,1000.0
2016-12-27T00:00:00,TCH,17.25,16.3,17.2,16.75796250282358,16.5,17.1,354160.0,354160.0,0.0,5935000000.0,0.0,0.0,0.0,0.0,0.0,222.0,466320.0,575.0,491550.0,2.4625274397470043,161687310.0,,,,1000.0
2016-12-28T00:00:00,TCH,16.45,16.0,16.35,16.24,16.2,16.5,237510.0,237510.0,0.0,3857162400.0,0.0,0.0,0.0,0.0,0.0,151.0,358550.0,177.0,644110.0,2.4625274397470043,177855233.0,,,,1000.0
2016-12-29T00:00:00,TCH,16.25,15.15,16.0,15.897534299146118,16.0,16.2,312690.0,312690.0,0.0,4971000000.0,0.0,0.0,0.0,0.0,0.0,244.0,549440.0,190.0,745990.0,2.4625274397470043,177855233.0,,,,1000.0
2016-12-30T00:00:00,TCH,16.9,15.55,15.6,16.3055155246954,16.9,16.0,763300.0,763300.0,0.0,12446000000.0,0.0,0.0,0.0,0.0,0.0,605.0,4206140.0,261.0,959310.0,2.4625274397470043,177855233.0,,,,1000.0
2017-01-03T00:00:00,TCH,16.9,16.55,16.55,16.749642346208873,16.9,16.9,524250.0,524250.0,0.0,8781000000.0,0.0,0.0,0.0,0.0,0.0,219.0,1841810.0,364.0,624430.0,2.4625274397470043,177855233.0,,,,1000.0
2017-01-04T00:00:00,TCH,17.0,16.7,16.95,16.785647191433405,16.8,16.9,532300.0,532300.0,0.0,8935000000.0,0.0,0.0,0.0,0.0,0.0,153.0,1938670.0,124.0,754360.0,2.4625274397470043,177855233.0,,,,1000.0
2017-01-05T00:00:00,TCH,17.2,16.5,16.5,16.98295002304051,17.05,16.8,954840.0,954840.0,0.0,16216000000.0,0.0,0.0,0.0,0.0,0.0,316.0,3040610.0,492.0,1240310.0,2.4625274397470043,177855233.0,,,,1000.0
2017-01-06T00:00:00,TCH,16.95,16.6,16.9,16.736810665508163,16.95,17.05,736580.0,736580.0,0.0,12328000000.000002,0.0,0.0,0.0,0.0,0.0,320.0,2619300.0,250.0,921780.0,2.4625274397470043,177855233.0,,,,1000.0
2017-01-09T00:00:00,TCH,17.3,17.1,17.1,17.183848168276405,17.2,16.95,710260.0,710260.0,0.0,12205000000.0,0.0,0.0,0.0,0.0,0.0,202.0,2074000.0,178.0,1331440.0,2.4625274397470043,177855233.0,,,,1000.0
2017-01-10T00:00:00,TCH,17.2,16.55,16.8,16.967785537283174,16.8,17.2,665850.0,665850.0,0.0,11298000000.0,0.0,0.0,0.0,0.0,0.0,254.0,1813530.0,154.0,896090.0,2.4625274397470043,177855233.0,,,,1000.0
2017-01-11T00:00:00,TCH,16.95,16.5,16.8,16.711988495228134,16.95,16.8,764900.0,764900.0,0.0,12783000000.0,0.0,0.0,0.0,0.0,0.0,243.0,2080720.0,197.0,845200.0,2.4625274397470043,177855233.0,,,,1000.0
2017-01-12T00:00:00,TCH,17.2,16.3,16.95,16.78871608080408,16.8,16.95,1352390.0,1352390.0,0.0,22704891740.518627,0.0,0.0,0.0,0.0,0.0,495.0,3034120.0,663.0,1574270.0,2.4625274397470043,177855233.0,,,,1000.0
2017-01-13T00:00:00,TCH,16.75,16.3,16.75,16.597345634665558,16.7,16.8,528940.0,528940.0,0.0,8779000000.0,0.0,0.0,0.0,0.0,0.0,356.0,898470.0,285.0,732100.0,2.4625274397470043,177855233.0,,,,1000.0
2017-01-16T00:00:00,TCH,16.6,16.2,16.3,16.341030195381883,16.5,16.7,101340.0,101340.0,0.0,1656000000.0,0.0,0.0,0.0,0.0,0.0,101.0,133600.0,112.0,178990.0,2.4625274397470043,177855233.0,,,,1000.0
2017-01-17T00:00:00,TCH,16.55,15.9,16.55,16.245796044006156,16.0,16.5,175430.0,175430.0,0.0,2850000000.0,0.0,0.0,0.0,0.0,0.0,129.0,256120.0,162.0,313710.0,2.4625274397470043,177855233.0,,,,1000.0
2017-01-18T00:00:00,TCH,16.25,15.2,15.8,15.748871745848248,15.8,16.0,449810.0,449810.0,0.0,7084000000.0,0.0,0.0,0.0,0.0,0.0,236.0,760930.0,218.0,673460.0,2.4625274397470043,177855233.0,,,,1000.0
2017-01-19T00:00:00,TCH,15.8,15.4,15.8,15.613338861576734,15.65,15.8,337660.0,337660.0,0.0,5272000000.0,0.0,0.0,0.0,0.0,0.0,83.0,349660.0,100.0,478020.0,2.4625274397470043,177855233.0,,,,1000.0
2017-01-20T00:00:00,TCH,16.7,15.2,15.2,16.18965390550371,16.7,15.65,1088720.0,1088720.0,0.0,17626000000.0,0.0,0.0,0.0,0.0,0.0,388.0,3794610.0,231.0,1196400.0,2.4625274397470043,177855233.0,,,,1000.0
2017-01-23T00:00:00,TCH,17.0,16.55,16.9,16.833709345738413,16.7,16.7,1001740.0,1001740.0,0.0,16863000000.0,0.0,0.0,0.0,0.0,0.0,195.0,1177850.0,163.0,1488830.0,2.4625274397470043,177855233.0,,,,1000.0
2017-01-24T00:00:00,TCH,16.75,16.3,16.3,16.408836453379884,16.55,16.7,166130.0,166130.0,0.0,2726000000.0000005,0.0,0.0,0.0,0.0,0.0,140.0,341010.0,96.0,244780.0,2.4625274397470043,177855233.0,,,,1000.0
2017-01-25T00:00:00,TCH,16.85,16.1,16.35,16.343508594317406,16.85,16.55,454370.0,454370.0,0.0,7426000000.0,0.0,0.0,0.0,0.0,0.0,182.0,1453900.0,140.0,586030.0,2.4625274397470043,177855233.0,,,,1000.0
2017-02-02T00:00:00,TCH,16.95,16.65,16.9,16.846896905453924,16.7,16.85,467920.0,467920.0,0.0,7883000000.0,0.0,0.0,0.0,0.0,0.0,90.0,540550.0,94.0,713470.0,2.4625274397470043,177855233.0,,,,1000.0
2017-02-03T00:00:00,TCH,16.85,16.2,16.35,16.5531373925583,16.6,16.7,527030.0,527030.0,0.0,8724000000.0,0.0,100.0,1670000.0,0.0,0.0,180.0,797410.0,121.0,739890.0,2.4625274397470043,177855133.0,,,,1000.0
2017-02-06T00:00:00,TCH,16.5,16.25,16.3,16.354565430699704,16.45,16.6,723590.0,723590.0,0.0,11834000000.0,0.0,0.0,0.0,0.0,0.0,250.0,1194720.0,145.0,1085000.0,2.4625274397470043,177855133.0,,,,1000.0
2017-02-07T00:00:00,TCH,16.4,16.05,16.3,16.244648458069097,16.35,16.45,873580.0,873580.0,0.0,14191000000.0,0.0,0.0,0.0,7120.0,115070000.0,313.0,1435930.0,184.0,1287420.0,2.4625274397470043,177855133.0,,,,1000.0
2017-02-08T00:00:00,TCH,16.4,15.85,16.1,16.12411111931301,16.1,16.35,406410.0,406410.0,0.0,6553000000.0,0.0,0.0,0.0,0.0,0.0,179.0,604840.0,135.0,555070.0,2.4625274397470043,177855133.0,,,,1000.0
2017-02-09T00:00:00,TCH,16.5,16.1,16.25,16.255224525932178,16.2,16.1,971380.0,971380.0,0.0,15790000000.0,0.0,0.0,0.0,0.0,0.0,266.0,1561780.0,225.0,1432840.0,2.4625274397470043,177855133.0,,,,1000.0
2017-02-10T00:00:00,TCH,16.25,16.05,16.1,16.172583983442127,16.2,16.2,628100.0,628100.0,0.0,10158000000.0,0.0,0.0,0.0,0.0,0.0,198.0,1321630.0,199.0,1125750.0,2.4625274397470043,177862253.0,,,,1000.0
2017-02-13T00:00:00,TCH,17.05,15.7,16.0,16.42533147243545,16.95,16.2,1490320.0,1490320.0,0.0,24479000000.0,0.0,0.0,0.0,0.0,0.0,453.0,4469600.0,475.0,1975050.0,2.4625274397470043,177862253.0,,,,1000.0
2017-02-14T00:00:00,TCH,17.5,16.75,16.8,17.011069893768997,17.35,16.95,1701010.0,1701010.0,0.0,28936000000.0,0.0,0.0,0.0,0.0,0.0,359.0,3277220.0,295.0,1958180.0,2.4625274397470043,177862253.0,,,,1000.0
2017-02-15T00:00:00,TCH,17.4,16.65,17.4,16.878332973706115,17.0,17.35,648820.0,648820.0,0.0,10951000000.0,0.0,400.0,6680000.0,0.0,0.0,438.0,923930.0,442.0,908460.0,2.4625274397470043,177861853.0,,,,1000.0
2017-02-16T00:00:00,TCH,17.25,17.0,17.05,17.109671394385106,17.15,17.0,856650.0,856650.0,0.0,14657000000.000002,0.0,0.0,0.0,0.0,0.0,235.0,1190650.0,268.0,1155940.0,2.4625274397470043,177861853.0,,,,1000.0
2017-02-17T00:00:00,TCH,17.35,17.0,17.25,17.11626652279471,17.15,17.15,518980.0,518980.0,0.0,8883000000.0,0.0,0.0,0.0,0.0,0.0,325.0,735990.0,225.0,784730.0,2.4625274397470043,177861853.0,,,,1000.0
2017-02-20T00:00:00,TCH,17.15,16.6,17.1,16.701087704805175,16.7,17.15,435780.0,435780.0,0.0,7278000000.0,0.0,0.0,0.0,0.0,0.0,279.0,605310.0,167.0,601350.0,2.4625274397470043,177861853.0,,,,1000.0
2017-02-21T00:00:00,TCH,16.95,16.4,16.7,16.53482822867976,16.6,16.7,611860.0,611860.0,0.0,10117000000.0,0.0,0.0,0.0,0.0,0.0,292.0,832750.0,441.0,806910.0,2.4625274397470043,177861853.0,,,,1000.0
2017-02-22T00:00:00,TCH,16.6,15.95,16.6,16.136276831410893,16.25,16.6,654550.0,654550.0,0.0,10562000000.0,0.0,200.0,3220000.0,0.0,0.0,411.0,908120.0,349.0,921810.0,2.4625274397470043,177861653.0,,,,1000.0
2017-02-23T00:00:00,TCH,16.45,16.25,16.25,16.33924547310374,16.35,16.25,377190.0,377190.0,0.0,6163000000.0,0.0,0.0,0.0,0.0,0.0,173.0,497670.0,225.0,534360.0,2.4625274397470043,177861653.0,,,,1000.0
2017-02-24T00:00:00,TCH,16.5,16.15,16.2,16.344586222637655,16.4,16.35,460030.0,460030.0,0.0,7519000000.0,0.0,0.0,0.0,3350.0,54940000.0,275.0,624230.0,173.0,970730.0,2.4625274397470043,177861653.0,,,,1000.0
2017-02-27T00:00:00,TCH,16.45,15.3,16.4,16.101514879152845,16.45,16.4,611930.0,611930.0,0.0,9853000000.0,0.0,800.0,12670000.0,800.0,12960000.0,408.0,1353420.0,231.0,830730.0,2.4625274397470043,177860853.0,,,,1000.0
2017-02-28T00:00:00,TCH,16.5,16.15,16.5,16.18524937415752,16.25,16.45,311580.0,311580.0,0.0,5043000000.0,0.0,0.0,0.0,0.0,0.0,184.0,435250.0,218.0,436910.0,2.4625274397470043,177860853.0,,,,1000.0
2017-03-01T00:00:00,TCH,16.25,15.9,16.2,16.09237671459567,16.1,16.25,271930.0,271930.0,0.0,4376000000.0,0.0,0.0,0.0,0.0,0.0,222.0,384880.0,129.0,381780.0,2.4625274397470043,177864203.0,,,,1000.0
2017-03-02T00:00:00,TCH,16.4,15.95,16.15,16.160684145380895,16.0,16.1,444350.0,444350.0,0.0,7181000000.0,0.0,0.0,0.0,0.0,0.0,237.0,499600.0,204.0,631210.0,2.4625274397470043,177865003.0,,,,1000.0
2017-03-03T00:00:00,TCH,16.15,15.9,16.05,16.0,16.15,16.0,319000.0,319000.0,0.0,5104000000.0,0.0,0.0,0.0,0.0,0.0,196.0,461670.0,140.0,452910.0,2.4625274397470043,177865003.0,,,,1000.0
2017-03-06T00:00:00,TCH,16.3,16.1,16.25,16.186538145572047,16.2,16.15,365180.0,365180.0,0.0,5911000000.0,0.0,0.0,0.0,0.0,0.0,184.0,479130.0,225.0,521760.0,2.4625274397470043,177865003.0,,,,1000.0
2017-03-07T00:00:00,TCH,16.35,16.05,16.2,16.12886327920377,16.35,16.2,572700.0,572700.0,0.0,9237000000.0,0.0,2670.0,42890000.0,0.0,0.0,236.0,873510.0,231.0,796960.0,2.4625274397470043,177862333.0,,,,1000.0
2017-03-08T00:00:00,TCH,16.45,16.15,16.35,16.317407818919406,16.35,16.35,774020.0,774020.0,0.0,12630000000.0,0.0,0.0,0.0,0.0,0.0,222.0,988040.0,273.0,1056650.0,2.4625274397470043,177862333.0,,,,1000.0
2017-03-09T00:00:00,TCH,16.35,16.1,16.2,16.206169401714025,16.25,16.35,739780.0,739780.0,0.0,11989000000.0,0.0,0.0,0.0,0.0,0.0,269.0,988280.0,319.0,1235300.0,2.4625274397470043,177862333.0,,,,1000.0
2017-03-10T00:00:00,TCH,16.3,16.05,16.15,16.153615851501048,16.15,16.25,734820.0,734820.0,0.0,11870000000.0,0.0,0.0,0.0,0.0,0.0,161.0,982520.0,187.0,987520.0,2.4625274397470043,177862333.0,,,,1000.0
2017-03-13T00:00:00,TCH,16.0,15.5,15.5,15.652490560975142,15.55,16.15,521770.0,521770.0,0.0,8167000000.0,0.0,200.0,3120000.0,0.0,0.0,281.0,674130.0,197.0,716360.0,2.4625274397470043,177862133.0,,,,1000.0
2017-03-14T00:00:00,TCH,16.05,15.25,15.25,15.731461429318198,16.05,15.55,1339100.0,1339100.0,0.0,21066000000.0,0.0,0.0,0.0,0.0,0.0,491.0,2818110.0,235.0,1965490.0,2.4625274397470043,177862133.0,,,,1000.0
2017-03-15T00:00:00,TCH,16.45,15.75,15.75,16.19834494317289,16.4,16.05,1527440.0,1527440.0,0.0,24742000000.0,0.0,0.0,0.0,0.0,0.0,461.0,2270090.0,425.0,1767570.0,2.4625274397470043,177862133.0,,,,1000.0
2017-03-16T00:00:00,TCH,16.7,16.4,16.4,16.617026652476515,16.7,16.4,1306070.0,1306070.0,0.0,21703000000.0,0.0,0.0,0.0,0.0,0.0,295.0,1731830.0,308.0,1566100.0,2.4625274397470043,177862133.0,,,,1000.0
2017-03-17T00:00:00,TCH,17.75,16.55,16.6,17.211956611377143,17.7,16.7,1818910.0,1818910.0,0.0,31307000000.0,0.0,0.0,0.0,0.0,0.0,448.0,2771450.0,434.0,1949620.0,2.4625274397470043,177862133.0,,,,1000.0
2017-03-20T00:00:00,TCH,18.0,17.6,17.6,17.874116940297938,17.9,17.7,1315030.0,1315030.0,0.0,23505000000.0,0.0,7940.0,142190000.0,0.0,0.0,558.0,1737970.0,309.0,1650520.0,2.4625274397470043,177854193.0,,,,1000.0
2017-03-21T00:00:00,TCH,18.0,17.3,17.95,17.557051832437075,17.75,17.9,1152450.0,1106450.0,46000.0,20306900000.0,880900000.0,30.0,530000.0,0.0,0.0,418.0,1702110.0,266.0,1376110.0,2.4625274397470043,177854163.0,,,,1000.0
2017-03-22T00:00:00,TCH,18.3,17.75,17.75,18.06264319274945,18.15,17.75,1977230.0,1977230.0,0.0,35714000000.0,0.0,11240.0,200630000.0,0.0,0.0,512.0,3209320.0,332.0,2886040.0,2.4625274397470043,177842920.0,,,,1000.0
2017-03-23T00:00:00,TCH,19.0,17.7,18.1,17.948849442120455,19.0,18.15,1364990.0,1364990.0,0.0,24500000000.0,0.0,0.0,0.0,1690.0,30590000.0,500.0,2580500.0,319.0,1517460.0,2.4625274397470043,177842920.0,,,,1000.0
2017-03-24T00:00:00,TCH,18.7,18.3,18.7,18.40443912812334,18.4,19.0,601920.0,601920.0,0.0,11078000000.0,0.0,1500.0,27750000.0,0.0,0.0,416.0,816710.0,256.0,798980.0,2.4625274397470043,177841420.0,,,,1000.0
2017-03-27T00:00:00,TCH,18.7,18.15,18.15,18.507016444037227,18.55,18.4,1036850.0,1036850.0,0.0,19189000000.0,0.0,0.0,0.0,0.0,0.0,378.0,1487650.0,263.0,1199680.0,2.4625274397470043,177841420.0,,,,1000.0
2017-03-28T00:00:00,TCH,18.6,18.0,18.55,18.305726632732455,18.15,18.55,1115830.0,1066770.0,49060.0,20376738000.0,848738000.0,0.0,0.0,0.0,0.0,370.0,1218360.0,310.0,1355940.0,2.4625274397470043,177843110.0,,,,1000.0
2017-03-29T00:00:00,TCH,18.1,17.7,17.85,17.879292915494112,17.95,18.15,1098030.0,1098030.0,0.0,19632000000.0,0.0,0.0,0.0,0.0,0.0,269.0,1313990.0,303.0,1294680.0,2.4625274397470043,177843110.0,,,,1000.0
2017-03-30T00:00:00,TCH,18.3,17.55,17.8,17.953537690379797,18.2,17.95,1244880.0,1244880.0,0.0,22350000000.0,0.0,0.0,0.0,0.0,0.0,367.0,1731370.0,237.0,1460180.0,2.4625274397470043,177843110.0,,,,1000.0
2017-03-31T00:00:00,TCH,18.25,17.55,18.0,17.802402058907635,17.55,18.2,699400.0,699400.0,0.0,12451000000.0,0.0,0.0,0.0,0.0,0.0,297.0,929680.0,216.0,883960.0,2.4625274397470043,177843110.0,,,,1000.0
2017-04-03T00:00:00,TCH,17.85,17.5,17.6,17.641864906210536,17.7,17.55,1071770.0,973990.0,97780.0,18888671000.0,1705671000.0,0.0,0.0,0.0,0.0,309.0,1154130.0,240.0,1066870.0,2.4625274397470043,177843110.0,,,,1000.0
2017-04-04T00:00:00,TCH,17.95,17.65,17.65,17.82572864003043,17.9,17.7,1261940.0,1261940.0,0.0,22495000000.0,0.0,0.0,0.0,0.0,0.0,301.0,1593440.0,236.0,1476880.0,2.4625274397470043,177843110.0,,,,1000.0
2017-04-05T00:00:00,TCH,18.0,17.85,17.95,17.905258121112233,17.9,17.9,940450.0,940450.0,0.0,16839000000.0,0.0,0.0,0.0,0.0,0.0,178.0,1041310.0,176.0,1092190.0,2.4625274397470043,177843110.0,,,,1000.0
2017-04-07T00:00:00,TCH,17.95,17.6,17.9,17.73529070442149,17.9,17.9,689360.0,689360.0,0.0,12226000000.0,0.0,150.0,2680000.0,0.0,0.0,245.0,819920.0,175.0,905140.0,2.4625274397470043,177842960.0,,,,1000.0
2017-04-10T00:00:00,TCH,18.05,17.85,17.95,17.91507652129305,17.95,17.9,1286570.0,1286570.0,0.0,23049000000.0,0.0,0.0,0.0,0.0,0.0,383.0,1385240.0,278.0,1536640.0,2.4625274397470043,177842960.0,,,,1000.0
2017-04-11T00:00:00,TCH,18.3,17.8,18.0,18.031610700295367,18.2,17.95,1954050.0,1909480.0,44570.0,35175319000.0,744319000.0,0.0,0.0,0.0,0.0,419.0,2378030.0,521.0,2025210.0,2.4625274397470043,177842960.0,,,,1000.0
2017-04-12T00:00:00,TCH,18.4,17.8,18.25,18.22692002199548,18.25,18.2,1636700.0,1636700.0,0.0,29832000000.000004,0.0,3000.0,54750000.0,0.0,0.0,384.0,1914280.0,964.0,1847750.0,2.4625274397470043,177839960.0,,,,1000.0
2017-04-13T00:00:00,TCH,18.45,18.1,18.35,18.27119354731929,18.3,18.25,1812580.0,1812580.0,0.0,33118000000.0,0.0,0.0,0.0,11240.0,204730000.0,458.0,2146920.0,627.0,2079710.0,2.4625274397470043,177839960.0,,,,1000.0
2017-04-14T00:00:00,TCH,18.75,18.0,18.15,18.41046045746059,18.6,18.3,2168930.0,2168930.0,0.0,39931000000.0,0.0,0.0,0.0,0.0,0.0,458.0,2544870.0,432.0,2339250.0,2.4625274397470043,177839960.0,,,,1000.0
2017-04-17T00:00:00,TCH,19.5,18.6,18.6,19.0539176279235,19.1,18.6,2139560.0,2139560.0,0.0,40767000000.0,0.0,0.0,0.0,0.0,0.0,535.0,2847330.0,669.0,2372410.0,2.4625274397470043,177839960.0,,,,1000.0
2017-04-18T00:00:00,TCH,19.4,18.75,19.3,19.137932001637974,19.35,19.1,1782690.0,1782690.0,0.0,34117000000.000004,0.0,0.0,0.0,0.0,0.0,452.0,2039070.0,523.0,2054530.0,2.4625274397470043,177851200.0,,,,1000.0
2017-04-19T00:00:00,TCH,19.45,18.8,19.45,18.963371414857935,19.05,19.35,1791770.0,1791770.0,0.0,33978000000.0,0.0,0.0,0.0,0.0,0.0,652.0,2214510.0,740.0,2117060.0,2.4625274397470043,177851200.0,,,,1000.0
2017-04-20T00:00:00,TCH,19.35,19.0,19.15,19.14807042834805,19.1,19.05,1720330.0,1720330.0,0.0,32940999999.999996,0.0,0.0,0.0,0.0,0.0,496.0,1943060.0,988.0,2208850.0,2.4625274397470043,177851200.0,,,,1000.0
2017-04-21T00:00:00,TCH,19.2,18.5,19.15,18.815931108719056,19.0,19.1,2043800.0,2043800.0,0.0,38456000000.0,0.0,0.0,0.0,0.0,0.0,543.0,2803780.0,637.0,2385450.0,2.4625274397470043,177851200.0,,,,1000.0
2017-04-24T00:00:00,TCH,19.3,19.05,19.1,19.170366870513448,19.2,19.0,1862510.0,1862510.0,0.0,35705000000.0,0.0,0.0,0.0,0.0,0.0,333.0,2061840.0,508.0,2109150.0,2.4625274397470043,0.0,,,,1000.0
2017-04-25T00:00:00,TCH,19.5,19.05,19.1,19.33295594262295,19.45,19.2,1952000.0,1952000.0,0.0,37737930000.0,0.0,0.0,0.0,0.0,0.0,449.0,2269580.0,788.0,2224060.0,2.4625274397470043,177851200.0,,,,1000.0
2017-04-26T00:00:00,TCH,19.8,19.5,19.5,19.711611952367907,19.7,19.45,1533420.0,1533420.0,0.0,30226180000.0,0.0,0.0,0.0,0.0,0.0,249.0,1813830.0,198.0,1644810.0,2.4625274397470043,177851200.0,,,,1000.0
2017-04-27T00:00:00,TCH,21.05,20.2,20.65,20.607609019322393,20.55,19.7,2417920.0,2417920.0,0.0,49827550000.0,0.0,0.0,0.0,0.0,0.0,513.0,2710140.0,297.0,3173130.0,2.4625274397470043,177851200.0,,,,1000.0
2017-04-28T00:00:00,TCH,21.0,20.6,20.65,20.764147756201318,20.75,20.55,2101570.0,2101570.0,0.0,43637310000.0,0.0,0.0,0.0,0.0,0.0,542.0,3083580.0,1211.0,2478210.0,2.4625274397470043,177851200.0,,,,1000.0
2017-05-03T00:00:00,TCH,21.3,20.8,20.8,21.10288092152293,21.3,20.75,1720630.0,1720630.0,0.0,36310250000.0,0.0,4220.0,89640000.0,970.0,20610000.0,475.0,2282800.0,443.0,2101090.0,2.4625274397470043,177846980.0,,,,1000.0
2017-05-04T00:00:00,TCH,21.55,20.8,21.35,21.277905784953244,21.5,21.3,2517220.0,2517220.0,0.0,53561170000.0,0.0,5100.0,108400000.0,0.0,0.0,583.0,3119910.0,529.0,2877820.0,2.4625274397470043,177841880.0,,,,1000.0
2017-05-05T00:00:00,TCH,21.5,20.3,21.15,20.844965355386677,20.3,21.5,1789600.0,1789600.0,0.0,37304150000.0,0.0,3000.0,62400000.0,0.0,0.0,565.0,2070160.0,390.0,2262140.0,2.4625274397470043,177838880.0,,,,1000.0
2017-05-08T00:00:00,TCH,20.2,19.4,19.7,19.625984766050053,20.2,20.3,2527250.0,2527250.0,0.0,49599770000.0,0.0,3140.0,61230000.0,4220.0,81870000.0,581.0,3347290.0,620.0,2649760.0,2.4625274397470043,177836710.0,,,,1000.0
2017-05-09T00:00:00,TCH,20.75,19.65,20.15,20.124260105151286,20.65,20.2,2841620.0,2841620.0,0.0,57185500000.0,0.0,0.0,0.0,2670.0,53130000.0,641.0,4119930.0,477.0,3339340.0,2.4625274397470043,177836710.0,,,,1000.0
2017-05-10T00:00:00,TCH,21.1,20.7,20.8,20.844597067127875,20.7,20.65,2596090.0,2596090.0,0.0,54114450000.0,0.0,0.0,0.0,0.0,0.0,530.0,2901810.0,571.0,2990220.0,2.4625274397470043,177836710.0,,,,1000.0
2017-05-11T00:00:00,TCH,20.6,19.95,20.6,20.137820456502258,20.3,20.7,2276440.0,2276440.0,0.0,45842540000.0,0.0,2000.0,40000000.0,11500.0,231170000.0,492.0,2531410.0,816.0,2815260.0,2.4625274397470043,177838930.0,,,,1000.0
2017-05-12T00:00:00,TCH,20.6,20.3,20.4,20.443588102429555,20.5,20.3,1890470.0,1890470.0,0.0,38647990000.0,0.0,0.0,0.0,3000.0,61350000.0,338.0,2337520.0,433.0,2464610.0,2.4625274397470043,177841600.0,,,,1000.0
2017-05-15T00:00:00,TCH,20.95,20.5,20.65,20.684029732189355,20.7,20.5,1900970.0,1900970.0,0.0,39319720000.0,0.0,0.0,0.0,0.0,0.0,517.0,2672980.0,420.0,2331800.0,2.4625274397470043,177841600.0,,,,1000.0
2017-05-16T00:00:00,TCH,22.1,20.85,20.85,21.462208759642774,22.1,20.7,3321140.0,3321140.0,0.0,71279000000.0,0.0,0.0,0.0,5000.0,107500000.0,1036.0,6535950.0,666.0,3430740.0,2.4625274397470043,177853100.0,,,,1000.0
2017-05-17T00:00:00,TCH,22.65,22.25,22.35,22.43313830485723,22.5,22.1,2741480.0,2741480.0,0.0,61500000000.0,0.0,90.0,2030000.0,0.0,0.0,721.0,3645030.0,892.0,3512830.0,2.4625274397470043,177856010.0,,,,1000.0
2017-05-18T00:00:00,TCH,22.35,21.65,22.1,21.971798386309306,21.85,22.5,2765090.0,2765090.0,0.0,60754000000.0,0.0,0.0,0.0,0.0,0.0,686.0,3282700.0,465.0,3268640.0,2.4625274397470043,177856010.0,,,,1000.0
2017-05-19T00:00:00,TCH,21.5,21.2,21.45,21.307833773662097,21.25,21.85,2615470.0,2615470.0,0.0,55730000000.0,0.0,50.0,1070000.0,0.0,0.0,617.0,4616100.0,435.0,3293090.0,2.4625274397470043,177860960.0,,,,1000.0
2017-05-22T00:00:00,TCH,21.45,20.75,20.85,21.006566130312432,21.25,21.25,2771800.0,2771800.0,0.0,58226000000.0,0.0,50080.0,1051810000.0,0.0,0.0,678.0,4752500.0,628.0,3236730.0,2.4625274397470043,177810880.0,,,,1000.0
2017-05-23T00:00:00,TCH,21.65,21.05,21.35,21.366399302026018,21.3,21.25,2429890.0,2429890.0,0.0,51918000000.0,0.0,23740.0,507560000.0,0.0,0.0,553.0,3706980.0,620.0,2842420.0,2.4625274397470043,177787140.0,,,,1000.0
2017-05-24T00:00:00,TCH,21.3,20.45,21.15,20.962499144597277,21.15,21.3,2922600.0,2922600.0,0.0,61265000000.0,0.0,28690.0,601060000.0,0.0,0.0,527.0,5300950.0,786.0,4002820.0,2.4625274397470043,177758450.0,,,,1000.0
2017-05-25T00:00:00,TCH,21.45,21.05,21.05,21.271292505462338,21.3,21.15,1885640.0,1885640.0,0.0,40110000000.0,0.0,33390.0,712290000.0,0.0,0.0,393.0,2754600.0,402.0,2385760.0,2.4625274397470043,177725060.0,,,,1000.0
2017-05-26T00:00:00,TCH,21.6,21.35,21.45,21.439317576614663,21.4,21.3,2658760.0,2658760.0,0.0,57002000000.0,0.0,21710.0,465430000.0,0.0,0.0,402.0,3273630.0,408.0,3133370.0,2.4625274397470043,177703350.0,,,,1000.0
2017-05-29T00:00:00,TCH,21.8,21.05,21.05,21.586546868624627,21.6,21.4,2401820.0,2401820.0,0.0,51847000000.0,0.0,24890.0,536920000.0,3000.0,64800000.0,522.0,3223090.0,700.0,2867870.0,2.4625274397470043,177678460.0,,,,1000.0
2017-05-30T00:00:00,TCH,21.8,21.0,21.45,21.403119835543553,21.25,21.6,2480900.0,2480900.0,0.0,53099000000.0,0.0,34030.0,729690000.0,0.0,0.0,672.0,3463910.0,713.0,3538770.0,2.4625274397470043,177644430.0,,,,1000.0
2017-05-31T00:00:00,TCH,21.45,20.5,21.0,20.919182013168058,21.3,21.25,4415230.0,4415230.0,0.0,92363000000.0,0.0,430920.0,8967550000.0,142860.0,3038720000.0,819.0,7812610.0,464.0,4912780.0,2.4625274397470043,177213510.0,,,,1000.0
2017-06-01T00:00:00,TCH,21.5,20.8,21.3,21.224300600826137,21.1,21.3,1704320.0,1704320.0,0.0,36173000000.0,0.0,0.0,0.0,1590.0,33870000.0,375.0,2539310.0,437.0,2217360.0,2.4625274397470043,177216510.0,,,,1000.0
2017-06-02T00:00:00,TCH,21.0,19.95,20.7,20.38711539635754,20.1,21.1,3603060.0,3603060.0,0.0,73456000000.0,0.0,0.0,0.0,35330.0,719450000.0,879.0,4596750.0,894.0,4091410.0,2.4625274397470043,177216510.0,,,,1000.0
2017-06-05T00:00:00,TCH,19.8,18.95,19.7,19.162293768732955,19.1,20.1,2222020.0,2222020.0,0.0,42579000000.0,0.0,9730.0,185340000.0,20700.0,394980000.0,627.0,3649570.0,650.0,2799970.0,2.4625274397470043,177349640.0,,,,1000.0
2017-06-06T00:00:00,TCH,18.9,18.5,18.7,18.698555229378922,18.8,19.1,1737300.0,1737300.0,0.0,32485000000.0,0.0,1600.0,29870000.0,0.0,0.0,568.0,3392840.0,331.0,2119150.0,2.4625274397470043,177349630.0,,,,1000.0
2017-06-07T00:00:00,TCH,19.35,18.7,18.8,19.036621435409163,19.05,18.8,2329510.0,2329510.0,0.0,44346000000.0,0.0,15240.0,287370000.0,0.0,0.0,770.0,3384410.0,382.0,2654870.0,2.4625274397470043,177369720.0,,,,1000.0
2017-06-08T00:00:00,TCH,19.2,18.55,19.05,18.877749587407937,18.9,19.05,2029850.0,2029850.0,0.0,38319000000.0,0.0,0.0,0.0,0.0,0.0,600.0,3084890.0,493.0,2403740.0,2.4625274397470043,177390420.0,,,,1000.0
2017-06-09T00:00:00,TCH,19.05,18.2,18.9,18.61278974718281,19.0,18.9,2740320.0,2740320.0,0.0,51005000000.0,0.0,810.0,15030000.0,220.0,4180000.0,698.0,5634390.0,439.0,3208900.0,2.4625274397470043,177389610.0,,,,1000.0
2017-06-12T00:00:00,TCH,19.2,18.4,19.1,18.699519309375102,18.65,19.0,1223240.0,1223240.0,0.0,22874000000.0,0.0,17020.0,318740000.0,220.0,4100000.0,545.0,1504390.0,633.0,1673150.0,2.4625274397470043,177372590.0,,,,1000.0
2017-06-13T00:00:00,TCH,18.75,18.5,18.5,18.58307991805886,18.75,18.65,785930.0,785930.0,0.0,14605000000.0,0.0,0.0,0.0,5000.0,93250000.0,390.0,1182700.0,232.0,1109960.0,2.4625274397470043,177372590.0,,,,1000.0
2017-06-14T00:00:00,TCH,19.1,18.6,18.65,18.91094147582697,18.95,18.75,1768500.0,1768500.0,0.0,33444000000.0,0.0,0.0,0.0,0.0,0.0,495.0,3279520.0,359.0,2782810.0,2.4625274397470043,177372810.0,,,,1000.0
2017-06-15T00:00:00,TCH,19.15,18.4,19.0,18.851478379764142,18.8,18.95,1638280.0,1638280.0,0.0,30884000000.0,0.0,0.0,0.0,0.0,0.0,586.0,4395900.0,313.0,2627670.0,2.4625274397470043,177373030.0,,,,1000.0
2017-06-16T00:00:00,TCH,18.8,18.4,18.55,18.592829590646772,18.8,18.8,668860.0,668860.0,0.0,12436000000.0,0.0,0.0,0.0,0.0,0.0,351.0,1621450.0,245.0,1049420.0,2.4625274397470043,177378030.0,,,,1000.0
2017-06-19T00:00:00,TCH,19.1,18.55,18.6,18.92544641089599,18.95,18.8,1262850.0,1262850.0,0.0,23900000000.0,0.0,100.0,1900000.0,10.0,190000.0,375.0,3302990.0,284.0,1823130.0,2.4625274397470043,177377930.0,,,,1000.0
2017-06-20T00:00:00,TCH,19.5,18.6,18.65,18.9327317742094,19.4,18.95,2136670.0,2136670.0,0.0,40453000000.0,0.0,100.0,1870000.0,7280.0,141050000.0,502.0,5205980.0,638.0,2603940.0,2.4625274397470043,177377830.0,,,,1000.0
2017-06-21T00:00:00,TCH,19.25,18.75,19.1,18.944744174558704,19.25,19.4,1295610.0,1295610.0,0.0,24545000000.0,0.0,1020.0,19330000.0,20820.0,393190000.0,604.0,2113640.0,325.0,1593010.0,2.4625274397470043,177376810.0,,,,1000.0
2017-06-22T00:00:00,TCH,19.4,19.05,19.15,19.164623944593597,19.3,19.25,1542060.0,1542060.0,0.0,29553000000.0,0.0,300.0,5790000.0,0.0,0.0,438.0,2544280.0,257.0,2022050.0,2.4625274397470043,177376520.0,,,,1000.0
2017-06-23T00:00:00,TCH,19.6,19.1,19.2,19.33589567898591,19.45,19.3,1868080.0,1868080.0,0.0,36121000000.0,0.0,200.0,3910000.0,0.0,0.0,435.0,2698980.0,478.0,2196060.0,2.4625274397470043,177383600.0,,,,1000.0
2017-06-26T00:00:00,TCH,20.0,19.4,19.45,19.660126945238776,19.6,19.45,2563310.0,2563310.0,0.0,50395000000.0,0.0,1100.0,21610000.0,2000.0,39600000.0,403.0,3650230.0,643.0,3526400.0,2.4625274397470043,177403320.0,,,,1000.0
2017-06-27T00:00:00,TCH,19.65,19.2,19.4,19.37697598106055,19.35,19.6,667390.0,667390.0,0.0,12932000000.0,0.0,0.0,0.0,0.0,0.0,331.0,1000310.0,301.0,1109540.0,2.4625274397470043,177403320.0,,,,1000.0
2017-06-28T00:00:00,TCH,19.3,18.6,19.25,18.902848283750696,19.05,19.35,1057830.0,1057830.0,0.0,19996000000.0,0.0,2210.0,41700000.0,0.0,0.0,540.0,2127130.0,262.0,1285230.0,2.4625274397470043,177401110.0,,,,1000.0
2017-06-29T00:00:00,TCH,18.9,18.5,18.75,18.686200298399264,18.8,19.05,1186330.0,1186330.0,0.0,22168000000.0,0.0,0.0,0.0,100.0,1890000.0,573.0,2612100.0,330.0,1637380.0,2.4625274397470043,177403110.0,,,,1000.0
2017-06-30T00:00:00,TCH,19.2,18.6,18.65,18.83584252475646,19.2,18.8,621050.0,621050.0,0.0,11698000000.0,0.0,187720.0,3562590000.0,0.0,0.0,343.0,2006370.0,259.0,961670.0,2.4625274397470043,177215390.0,,,,1000.0
2017-07-03T00:00:00,TCH,19.2,18.8,19.0,18.94697183761891,18.95,19.2,530850.0,530850.0,0.0,10058000000.0,0.0,2400.0,45460000.0,0.0,0.0,339.0,884430.0,268.0,759620.0,2.4625274397470043,177212990.0,,,,1000.0
2017-07-04T00:00:00,TCH,19.1,18.5,19.0,18.72496151846604,19.05,18.95,980990.0,980990.0,0.0,18369000000.0,0.0,0.0,0.0,610.0,11290000.0,604.0,1906110.0,365.0,1395230.0,2.4625274397470043,177213090.0,,,,1000.0
2017-07-05T00:00:00,TCH,19.1,18.7,18.8,18.840131394817856,19.1,19.05,1357740.0,1357740.0,0.0,25580000000.0,0.0,0.0,0.0,0.0,0.0,507.0,2906990.0,320.0,1595840.0,2.4625274397470043,177213090.0,,,,1000.0
2017-07-06T00:00:00,TCH,20.4,18.9,18.9,19.737646537362252,20.4,19.1,2617080.0,2617080.0,0.0,51655000000.0,0.0,510.0,9890000.0,3600.0,72480000.0,554.0,8008670.0,465.0,2804900.0,2.4625274397470043,177212580.0,,,,1000.0
2017-07-07T00:00:00,TCH,20.4,19.5,20.0,19.997369508849722,19.9,20.4,532220.0,532220.0,0.0,10643000000.0,0.0,0.0,0.0,0.0,0.0,340.0,954070.0,406.0,1082730.0,2.4625274397470043,177213190.0,,,,1000.0
2017-07-10T00:00:00,TCH,19.9,18.75,19.8,19.44881351295904,18.75,19.9,1169840.0,1169840.0,0.0,22752000000.0,0.0,0.0,0.0,0.0,0.0,395.0,1636710.0,289.0,1548060.0,2.4625274397470043,177213190.0,,,,1000.0
2017-07-11T00:00:00,TCH,18.5,18.05,18.2,18.236389052933745,18.25,18.75,1337710.0,1337710.0,0.0,24395000000.0,0.0,23290.0,425040000.0,2000.0,36620000.0,560.0,2482950.0,258.0,1785720.0,2.357459602375006,177193500.0,,,,1000.0
2017-07-12T00:00:00,TCH,18.45,18.2,18.4,18.252676924984115,18.2,18.25,645330.0,645330.0,0.0,11779000000.0,0.0,0.0,0.0,0.0,0.0,271.0,853390.0,216.0,878820.0,2.357459602375006,177193500.0,,,,1000.0
2017-07-13T00:00:00,TCH,18.3,17.9,18.25,18.08491633418686,18.2,18.2,671720.0,671720.0,0.0,12148000000.0,0.0,0.0,0.0,0.0,0.0,371.0,1052200.0,201.0,898490.0,2.357459602375006,177193500.0,,,,1000.0
2017-07-14T00:00:00,TCH,18.35,18.0,18.1,18.141909361968995,18.25,18.2,908890.0,908890.0,0.0,16489000000.0,0.0,0.0,0.0,0.0,0.0,331.0,1246100.0,267.0,1341960.0,2.357459602375006,177195500.0,,,,1000.0
2017-07-17T00:00:00,TCH,18.35,17.9,18.1,18.08075120955044,17.95,18.25,1047910.0,1047910.0,0.0,18947000000.0,0.0,0.0,0.0,0.0,0.0,322.0,1549950.0,220.0,1353480.0,2.357459602375006,177195500.0,,,,1000.0
2017-07-18T00:00:00,TCH,18.0,17.4,17.75,17.62949664855161,17.45,17.95,1024930.0,1024930.0,0.0,18069000000.0,0.0,0.0,0.0,5000.0,88500000.0,328.0,1143210.0,207.0,1219690.0,2.357459602375006,177195500.0,,,,1000.0
2017-07-19T00:00:00,TCH,17.7,17.4,17.45,17.50735564545789,17.5,17.45,1087600.0,1087600.0,0.0,19041000000.0,0.0,0.0,0.0,0.0,0.0,329.0,1916560.0,178.0,1244140.0,2.357459602375006,177195500.0,,,,1000.0
2017-07-20T00:00:00,TCH,17.5,16.7,17.35,16.96364083127946,16.85,17.5,1342990.0,1342990.0,0.0,22782000000.0,0.0,120.0,2020000.0,450.0,7560000.0,493.0,2948890.0,300.0,1727330.0,2.357459602375006,177195380.0,,,,1000.0
2017-07-21T00:00:00,TCH,17.25,16.65,16.8,16.86543025136414,16.9,16.85,1323180.0,1323180.0,0.0,22316000000.0,0.0,1200.0,20160000.0,0.0,0.0,398.0,2352110.0,232.0,1531550.0,2.357459602375006,177199180.0,,,,1000.0
2017-07-24T00:00:00,TCH,17.0,16.65,16.9,16.886214259962838,16.95,16.9,1081770.0,1081770.0,0.0,18267000000.0,0.0,0.0,0.0,0.0,0.0,309.0,1556620.0,198.0,1216860.0,2.357459602375006,177199180.0,,,,1000.0
2017-07-25T00:00:00,TCH,16.95,16.85,16.95,16.898109745981866,16.95,16.95,1024730.0,1024730.0,0.0,17316000000.0,0.0,0.0,0.0,0.0,0.0,248.0,1467190.0,206.0,1222970.0,2.357459602375006,177199630.0,,,,1000.0
2017-07-26T00:00:00,TCH,17.2,17.0,17.0,17.10132688261311,17.2,16.95,1397260.0,1397260.0,0.0,23895000000.0,0.0,0.0,0.0,0.0,0.0,437.0,2083790.0,297.0,1607810.0,2.357459602375006,177199630.0,,,,1000.0
2017-07-27T00:00:00,TCH,17.35,17.1,17.25,17.22420934758265,17.2,17.2,919810.0,919810.0,0.0,15843000000.0,0.0,0.0,0.0,0.0,0.0,246.0,1282960.0,183.0,1142500.0,2.357459602375006,177199630.0,,,,1000.0
2017-07-28T00:00:00,TCH,17.25,17.0,17.2,17.129651957238167,17.1,17.2,1244100.0,1244100.0,0.0,21311000000.0,0.0,0.0,0.0,0.0,0.0,359.0,1741700.0,362.0,1490770.0,2.357459602375006,177199630.0,,,,1000.0
2017-07-31T00:00:00,TCH,17.2,16.75,17.15,16.9888364834923,17.1,17.1,1999370.0,1956260.0,43110.0,33966970000.0,0.0,244840.0,4170540000.0,0.0,0.0,408.0,3071200.0,509.0,2191290.0,2.357459602375006,176954790.0,,,,1000.0
2017-08-01T00:00:00,TCH,17.15,16.7,17.0,16.969521008350323,16.7,17.1,1584370.0,1584370.0,0.0,26886000000.0,0.0,300.0,5070000.0,30.0,510000.0,375.0,2160930.0,212.0,1833380.0,2.357459602375006,176954490.0,,,,1000.0
2017-08-02T00:00:00,TCH,16.7,16.25,16.3,16.38469360595658,16.35,16.7,1465270.0,1465270.0,0.0,24008000000.0,0.0,30.0,490000.0,0.0,0.0,413.0,1681650.0,302.0,1948850.0,2.357459602375006,176954460.0,,,,1000.0
2017-08-03T00:00:00,TCH,16.45,15.9,15.9,16.184297029083055,16.35,16.35,1277720.0,1277720.0,0.0,20679000000.0,0.0,500.0,8180000.0,0.0,0.0,479.0,1723420.0,261.0,1411430.0,2.357459602375006,176953960.0,,,,1000.0
2017-08-04T00:00:00,TCH,16.9,16.45,16.45,16.733409341461808,16.8,16.35,1061290.0,1061290.0,0.0,17759000000.0,0.0,5000.0,82560000.0,0.0,0.0,357.0,1333130.0,313.0,1198680.0,2.357459602375006,176948990.0,,,,1000.0
2017-08-07T00:00:00,TCH,16.85,16.5,16.6,16.644197863735354,16.8,16.8,867870.0,867870.0,0.0,14445000000.0,0.0,0.0,0.0,0.0,0.0,280.0,1022170.0,198.0,1238120.0,2.357459602375006,176948990.0,,,,1000.0
2017-08-08T00:00:00,TCH,16.9,16.4,16.8,16.653796653796654,16.9,16.8,1864800.0,1864800.0,0.0,31056000000.0,0.0,200.0,3360000.0,0.0,0.0,527.0,2227230.0,488.0,2067420.0,2.357459602375006,176948790.0,,,,1000.0
2017-08-09T00:00:00,TCH,17.1,16.5,16.95,16.663294026748098,16.55,16.9,1087180.0,1087180.0,0.0,18116000000.0,0.0,500.0,8450000.0,0.0,0.0,307.0,1263910.0,408.0,1305870.0,2.357459602375006,176948290.0,,,,1000.0
2017-08-10T00:00:00,TCH,16.7,16.2,16.6,16.41511282369461,16.55,16.55,1531150.0,1531150.0,0.0,25134000000.0,0.0,0.0,0.0,0.0,0.0,408.0,1783600.0,384.0,1704220.0,2.357459602375006,176948290.0,,,,1000.0
2017-08-11T00:00:00,TCH,16.6,16.3,16.4,16.415136092055764,16.45,16.55,1129750.0,1129750.0,0.0,18545000000.0,0.0,0.0,0.0,0.0,0.0,358.0,1590190.0,231.0,1365300.0,2.357459602375006,176948290.0,,,,1000.0
2017-08-14T00:00:00,TCH,16.5,16.0,16.35,16.326814324937565,16.45,16.45,2014110.0,2014110.0,0.0,32884000000.0,0.0,0.0,0.0,0.0,0.0,410.0,2582180.0,434.0,2260000.0,2.357459602375006,176948290.0,,,,1000.0
2017-08-15T00:00:00,TCH,16.5,16.2,16.4,16.322347758698047,16.35,16.45,1961360.0,1961360.0,0.0,32014000000.0,0.0,0.0,0.0,0.0,0.0,308.0,2198360.0,211.0,2126890.0,2.357459602375006,176948290.0,,,,1000.0
2017-08-16T00:00:00,TCH,16.45,16.05,16.05,16.216333205078875,16.4,16.35,2079200.0,2079200.0,0.0,33717000000.0,0.0,0.0,0.0,0.0,0.0,421.0,3870740.0,248.0,2301280.0,2.357459602375006,176948290.0,,,,1000.0
2017-08-17T00:00:00,TCH,16.4,16.25,16.4,16.35389497274037,16.3,16.4,1062010.0,1062010.0,0.0,17368000000.0,0.0,0.0,0.0,0.0,0.0,237.0,1401940.0,191.0,1344450.0,2.357459602375006,176948290.0,,,,1000.0
2017-08-18T00:00:00,TCH,16.3,16.0,16.0,16.164658634538153,16.25,16.3,1175280.0,1175280.0,0.0,18998000000.0,0.0,80.0,1290000.0,0.0,0.0,340.0,1376530.0,304.0,1439510.0,2.357459602375006,176948210.0,,,,1000.0
2017-08-21T00:00:00,TCH,16.3,16.1,16.25,16.180779108040657,16.2,16.25,1105880.0,1105880.0,0.0,17894000000.0,0.0,1000.0,16150000.0,10.0,160000.0,228.0,1485160.0,177.0,1446520.0,2.357459602375006,176947210.0,,,,1000.0
2017-08-22T00:00:00,TCH,16.25,16.0,16.2,16.1523616444765,16.1,16.2,1025980.0,1025980.0,0.0,16572000000.0,0.0,11440.0,184910000.0,0.0,0.0,140.0,1132070.0,181.0,1251310.0,2.357459602375006,176935770.0,,,,1000.0
2017-08-23T00:00:00,TCH,16.2,15.95,16.15,16.074700670197544,16.2,16.1,1991950.0,1991950.0,0.0,32020000000.0,0.0,11440.0,184450000.0,0.0,0.0,304.0,2759070.0,298.0,2164990.0,2.357459602375006,176924330.0,,,,1000.0
2017-08-24T00:00:00,TCH,16.5,15.95,16.1,16.04831006513656,16.4,16.2,1853030.0,1853030.0,0.0,29738000000.0,0.0,178840.0,2865400000.0,0.0,0.0,434.0,2747720.0,267.0,1991490.0,2.357459602375006,176745500.0,,,,1000.0
2017-08-25T00:00:00,TCH,16.4,16.2,16.25,16.297052596807855,16.4,16.4,1998030.0,1998030.0,0.0,32562000000.0,0.0,11350.0,185530000.0,0.0,0.0,277.0,2422990.0,195.0,2225350.0,2.357459602375006,176734150.0,,,,1000.0
2017-08-28T00:00:00,TCH,16.5,16.2,16.4,16.259481489867543,16.35,16.4,883300.0,883300.0,0.0,14362000000.0,0.0,11950.0,195280000.0,0.0,0.0,183.0,1155110.0,177.0,1149090.0,2.357459602375006,176722200.0,,,,1000.0
2017-08-29T00:00:00,TCH,16.3,16.0,16.2,16.111652284854703,16.25,16.35,1220030.0,1160030.0,60000.0,19710000000.0,1020000000.0,11620.0,187920000.0,0.0,0.0,273.0,1532890.0,287.0,1440230.0,2.357459602375006,176710580.0,,,,1000.0
2017-08-30T00:00:00,TCH,16.3,16.0,16.25,16.116490279966975,16.25,16.25,1392300.0,1332300.0,60000.0,22492000000.0,1020000000.0,11580.0,187310000.0,0.0,0.0,220.0,1873560.0,158.0,1533190.0,2.357459602375006,176699000.0,,,,1000.0
2017-08-31T00:00:00,TCH,16.25,16.0,16.25,16.113925091960372,16.25,16.25,1761820.0,1701820.0,60000.0,28443000000.0,1020000000.0,272600.0,4390840000.0,58870.0,956510000.0,323.0,2715220.0,182.0,1954830.0,2.357459602375006,176426400.0,,,,1000.0
2017-09-01T00:00:00,TCH,16.25,16.0,16.15,16.079287521225353,16.1,16.25,1214280.0,1154280.0,60000.0,19580000000.0,1020000000.0,0.0,0.0,11500.0,185450000.0,226.0,1470410.0,260.0,1317520.0,2.357459602375006,176426400.0,,,,1000.0
2017-09-05T00:00:00,TCH,16.2,15.9,16.1,16.007653061224488,16.1,16.1,546080.0,486080.0,60000.0,8801000000.0,1020000000.0,0.0,0.0,0.0,0.0,187.0,615510.0,139.0,709730.0,2.357459602375006,176426400.0,,,,1000.0
2017-09-06T00:00:00,TCH,16.1,15.85,16.05,15.953991427806054,16.0,16.1,657280.0,597280.0,60000.0,10549000000.0,1020000000.0,0.0,0.0,0.0,0.0,238.0,850140.0,247.0,895180.0,2.357459602375006,176485270.0,,,,1000.0
2017-09-07T00:00:00,TCH,15.95,15.5,15.85,15.6938112940939,15.9,16.0,1248940.0,1188940.0,60000.0,19679000000.0,1020000000.0,0.0,0.0,3750.0,59060000.0,481.0,2916550.0,257.0,1450210.0,2.357459602375006,176496770.0,,,,1000.0
2017-09-08T00:00:00,TCH,15.8,15.5,15.65,15.625745787790558,15.55,15.9,898040.0,838040.0,60000.0,14115000000.0,1020000000.0,40.0,630000.0,0.0,0.0,360.0,2727180.0,209.0,1176110.0,2.357459602375006,176496730.0,,,,1000.0
2017-09-11T00:00:00,TCH,15.65,15.2,15.55,15.453516509249862,15.65,15.55,572440.0,512440.0,60000.0,8939000000.0,1020000000.0,0.0,0.0,4450.0,68700000.0,301.0,798640.0,189.0,770810.0,2.357459602375006,176496730.0,,,,1000.0
2017-09-12T00:00:00,TCH,15.8,15.6,15.65,15.63404648931979,15.7,15.65,643790.0,583790.0,60000.0,10147000000.0,1020000000.0,0.0,0.0,5400.0,84400000.0,199.0,1026220.0,192.0,763550.0,2.357459602375006,176500480.0,,,,1000.0
2017-09-13T00:00:00,TCH,16.0,15.65,15.65,15.811468066043773,15.9,15.7,1622600.0,1562600.0,60000.0,25727000000.0,1020000000.0,0.0,0.0,1800.0,28400000.0,328.0,2850760.0,295.0,1781190.0,2.357459602375006,176500480.0,,,,1000.0
2017-09-14T00:00:00,TCH,16.0,15.75,15.75,15.845644095410695,15.9,15.9,606270.0,546270.0,60000.0,9676000000.0,1020000000.0,0.0,0.0,0.0,0.0,229.0,1345800.0,142.0,750470.0,2.357459602375006,176504930.0,,,,1000.0
2017-09-15T00:00:00,TCH,15.95,15.75,15.9,15.82146695325094,15.9,15.9,357760.0,297760.0,60000.0,5731000000.0,1020000000.0,0.0,0.0,0.0,0.0,110.0,881650.0,171.0,510070.0,2.357459602375006,176510330.0,,,,1000.0
2017-09-18T00:00:00,TCH,15.9,15.7,15.85,15.751491144197058,15.7,15.9,938520.0,878520.0,60000.0,14858000000.0,1020000000.0,0.0,0.0,0.0,0.0,216.0,1400810.0,172.0,1217720.0,2.357459602375006,176512130.0,,,,1000.0
2017-09-19T00:00:00,TCH,15.75,15.25,15.7,15.397904137942275,15.4,15.7,673590.0,613590.0,60000.0,10468000000.0,1020000000.0,0.0,0.0,500.0,7630000.0,297.0,901660.0,142.0,838870.0,2.357459602375006,176512130.0,,,,1000.0
2017-09-20T00:00:00,TCH,15.45,15.2,15.3,15.29260999572832,15.45,15.4,645250.0,585250.0,60000.0,9970000000.0,1020000000.0,0.0,0.0,0.0,0.0,270.0,844520.0,120.0,687820.0,2.357459602375006,176512130.0,,,,1000.0
2017-09-21T00:00:00,TCH,15.65,15.45,15.45,15.582577646175116,15.65,15.45,978590.0,918590.0,60000.0,15334000000.0,1020000000.0,0.0,0.0,0.0,0.0,221.0,2250740.0,130.0,1150220.0,2.357459602375006,176512130.0,,,,1000.0
2017-09-22T00:00:00,TCH,15.95,15.7,15.7,15.82511561319733,15.9,15.65,1121730.0,1061730.0,60000.0,17822000000.0,1020000000.0,0.0,0.0,0.0,0.0,285.0,2115430.0,284.0,1692180.0,2.357459602375006,176512630.0,,,,1000.0
2017-09-25T00:00:00,TCH,16.15,15.75,15.8,16.030057878439067,16.15,15.9,1293620.0,1233620.0,60000.0,20795000000.0,1020000000.0,15000.0,240000000.0,0.0,0.0,327.0,2205210.0,272.0,1606050.0,2.357459602375006,176497630.0,,,,1000.0
2017-09-26T00:00:00,TCH,16.35,15.9,16.1,16.0985855578007,16.3,16.15,1188360.0,1128360.0,60000.0,19185000000.0,1020000000.0,0.0,0.0,0.0,0.0,301.0,2384310.0,286.0,1429130.0,2.357459602375006,176497630.0,,,,1000.0
2017-09-27T00:00:00,TCH,16.3,15.75,16.3,15.96009072483351,16.0,16.3,888880.0,828880.0,60000.0,14249000000.0,1020000000.0,0.0,0.0,0.0,0.0,309.0,1360440.0,201.0,1046970.0,2.357459602375006,176497630.0,,,,1000.0
2017-09-28T00:00:00,TCH,16.2,15.7,15.7,15.925609579217097,16.05,16.0,1301020.0,1241020.0,60000.0,20784000000.0,1020000000.0,50000.0,800000000.0,0.0,0.0,332.0,2852400.0,233.0,1605550.0,2.357459602375006,176447630.0,,,,1000.0
2017-09-29T00:00:00,TCH,16.15,15.95,16.05,16.023493044822256,16.05,16.05,868750.0,808750.0,60000.0,13979000000.0,1020000000.0,135500.0,2168000000.0,0.0,0.0,178.0,2030580.0,219.0,1155820.0,2.357459602375006,176312130.0,,,,1000.0
2017-10-02T00:00:00,TCH,16.15,15.7,16.1,15.819615730693908,15.9,16.05,1004650.0,944650.0,60000.0,15964000000.0,1020000000.0,200.0,3160000.0,0.0,0.0,226.0,1617650.0,250.0,1371880.0,2.357459602375006,176311930.0,,,,1000.0
2017-10-03T00:00:00,TCH,15.9,15.25,15.6,15.654933682612107,15.85,15.9,1449530.0,1389530.0,60000.0,22773000000.0,1020000000.0,0.0,0.0,0.0,0.0,324.0,4205620.0,223.0,1714460.0,2.357459602375006,176311930.0,,,,1000.0
2017-10-04T00:00:00,TCH,16.0,15.7,15.85,15.90640851224852,15.9,15.85,1169930.0,1109930.0,60000.0,18675000000.0,1020000000.0,0.0,0.0,0.0,0.0,168.0,1933490.0,163.0,1533630.0,2.357459602375006,176311930.0,,,,1000.0
2017-10-05T00:00:00,TCH,15.95,15.7,15.75,15.812393062032408,15.8,15.9,1550350.0,1490350.0,60000.0,24586000000.0,1020000000.0,0.0,0.0,0.0,0.0,198.0,2388900.0,248.0,1788530.0,2.357459602375006,176311930.0,,,,1000.0
2017-10-06T00:00:00,TCH,16.5,15.85,15.85,16.189036182706847,16.35,15.8,1197560.0,1137560.0,60000.0,19436000000.0,1020000000.0,0.0,0.0,0.0,0.0,343.0,4046740.0,284.0,1654230.0,2.357459602375006,176311930.0,,,,1000.0
2017-10-09T00:00:00,TCH,16.35,15.95,16.35,16.10169246795037,16.15,16.35,1029590.0,969590.0,60000.0,16632040000.0,1020000000.0,0.0,0.0,0.0,0.0,277.0,1775480.0,183.0,1224190.0,2.357459602375006,176311930.0,,,,1000.0
2017-10-10T00:00:00,TCH,16.85,16.3,16.3,16.48742414617994,16.6,16.15,1539820.0,1479820.0,60000.0,25418420000.0,1020000000.0,1000.0,16300000.0,0.0,0.0,558.0,2770470.0,289.0,2139640.0,2.357459602375006,176310930.0,,,,1000.0
2017-10-11T00:00:00,TCH,16.7,16.4,16.65,16.51952610794208,16.65,16.6,1199500.0,1139500.0,60000.0,19844000000.0,1020000000.0,0.0,0.0,0.0,0.0,322.0,2009700.0,225.0,1494850.0,2.357459602375006,176310930.0,,,,1000.0
2017-10-12T00:00:00,TCH,16.7,16.4,16.6,16.508018456971378,16.5,16.65,679820.0,619820.0,60000.0,11252000000.0,1020000000.0,0.0,0.0,0.0,0.0,238.0,1579690.0,165.0,1295480.0,2.357459602375006,176310930.0,,,,1000.0
2017-10-13T00:00:00,TCH,16.35,15.95,16.35,16.16099170634188,16.15,16.5,1305530.0,1245530.0,60000.0,21149000000.0,1020000000.0,11000.0,178050000.0,0.0,0.0,479.0,2295640.0,317.0,1971010.0,2.357459602375006,176299930.0,,,,1000.0
2017-10-16T00:00:00,TCH,16.15,15.8,16.0,15.971446733210781,16.1,16.15,1224140.0,1164140.0,60000.0,19613000000.0,1020000000.0,0.0,0.0,0.0,0.0,353.0,2298130.0,206.0,1499560.0,2.357459602375006,176299930.0,,,,1000.0
2017-10-17T00:00:00,TCH,16.5,16.15,16.15,16.34812335575789,16.5,16.1,2154430.0,2094430.0,60000.0,35260000000.0,1020000000.0,64000.0,1049900000.0,0.0,0.0,461.0,4266500.0,327.0,2563970.0,2.357459602375006,176235930.0,,,,1000.0
2017-10-18T00:00:00,TCH,16.45,16.2,16.4,16.316786893263235,16.3,16.5,1695800.0,1635800.0,60000.0,27711000000.0,1020000000.0,4000.0,65600000.0,0.0,0.0,319.0,2359000.0,275.0,2345210.0,2.357459602375006,176231930.0,,,,1000.0
2017-10-19T00:00:00,TCH,16.5,16.3,16.3,16.394776305164804,16.45,16.3,1707110.0,1647110.0,60000.0,28024000000.0,1020000000.0,8000.0,131300000.0,0.0,0.0,276.0,2520610.0,283.0,2009180.0,2.357459602375006,176223930.0,,,,1000.0
2017-10-20T00:00:00,TCH,16.45,16.2,16.4,16.287461324320574,16.2,16.45,1284930.0,1224930.0,60000.0,20971000000.0,1020000000.0,8000.0,131200000.0,0.0,0.0,241.0,1466230.0,245.0,1754770.0,2.357459602375006,176215930.0,,,,1000.0
2017-10-23T00:00:00,TCH,16.2,15.6,16.15,15.896997578286701,15.7,16.2,1253370.0,1193370.0,60000.0,19991000000.0,1020000000.0,12200.0,191940000.0,20000.0,315000000.0,356.0,2493900.0,265.0,1576870.0,2.357459602375006,176203730.0,,,,1000.0
2017-10-24T00:00:00,TCH,15.85,15.5,15.7,15.715421192810231,15.8,15.7,717130.0,717130.0,0.0,11270000000.0,0.0,14390.0,225920000.0,0.0,0.0,257.0,1464480.0,148.0,896880.0,2.357459602375006,176189340.0,,,,1000.0
2017-10-25T00:00:00,TCH,15.95,15.8,15.85,15.90295508129833,15.95,15.8,818590.0,818590.0,0.0,13018000000.0,0.0,9000.0,143000000.0,0.0,0.0,247.0,1791850.0,154.0,1109900.0,2.357459602375006,176180340.0,,,,1000.0
2017-10-26T00:00:00,TCH,16.35,15.85,15.85,16.100377722770084,16.0,15.95,2258270.0,2258270.0,0.0,36359000000.0,0.0,28000.0,451750000.0,2000.0,32200000.0,427.0,4319580.0,297.0,2795140.0,2.357459602375006,176172340.0,,,,1000.0
2017-10-27T00:00:00,TCH,16.2,15.45,15.9,15.846781500008236,16.05,16.0,1821190.0,1821190.0,0.0,28860000000.0,0.0,12700.0,201040000.0,20000.0,312000000.0,450.0,4871160.0,276.0,2627500.0,2.357459602375006,176159640.0,,,,1000.0
2017-10-30T00:00:00,TCH,16.0,15.8,15.95,15.914585874146821,15.8,16.05,467370.0,467370.0,0.0,7438000000.0,0.0,0.0,0.0,7650.0,121250000.0,123.0,571540.0,138.0,782940.0,2.357459602375006,176159640.0,,,,1000.0
2017-10-31T00:00:00,TCH,15.8,15.3,15.4,15.451469119422788,15.5,15.8,670810.0,670810.0,0.0,10365000000.0,0.0,0.0,0.0,0.0,0.0,273.0,1394600.0,181.0,1093950.0,2.357459602375006,176161640.0,,,,1000.0
2017-11-01T00:00:00,TCH,15.6,15.25,15.55,15.363636363636363,15.4,15.5,803000.0,803000.0,0.0,12337000000.0,0.0,2000.0,30800000.0,0.0,0.0,246.0,1124660.0,153.0,1214980.0,2.357459602375006,176179640.0,,,,1000.0
2017-11-02T00:00:00,TCH,16.05,15.35,15.35,15.762434719414282,15.75,15.4,2586910.0,2586910.0,0.0,40776000000.0,0.0,239860.0,3810470000.0,0.0,0.0,404.0,5675840.0,374.0,3483940.0,2.357459602375006,175947430.0,,,,1000.0
2017-11-03T00:00:00,TCH,15.75,15.25,15.65,15.493421371104377,15.75,15.75,1032890.0,1032890.0,0.0,16003000000.0,0.0,0.0,0.0,0.0,0.0,313.0,2039980.0,192.0,1517070.0,2.357459602375006,175947430.0,,,,1000.0
2017-11-06T00:00:00,TCH,15.95,15.75,15.8,15.864109365435624,15.95,15.75,784160.0,784160.0,0.0,12440000000.0,0.0,0.0,0.0,0.0,0.0,214.0,1408640.0,172.0,1127930.0,2.357459602375006,175947430.0,,,,1000.0
2017-11-07T00:00:00,TCH,16.05,15.9,15.95,15.939540081162148,15.95,15.95,850150.0,850150.0,0.0,13551000000.0,0.0,0.0,0.0,0.0,0.0,237.0,1300060.0,233.0,1296810.0,2.357459602375006,175947430.0,,,,1000.0
2017-11-08T00:00:00,TCH,16.35,15.8,15.9,16.206485643933405,16.35,15.95,3541360.0,3541360.0,0.0,57393000000.0,0.0,0.0,0.0,4000.0,64600000.0,499.0,5620200.0,373.0,4164840.0,2.357459602375006,175947430.0,,,,1000.0
2017-11-09T00:00:00,TCH,16.75,16.25,16.35,16.475921104388707,16.45,16.35,1601610.0,1601610.0,0.0,26388000000.0,0.0,170.0,2800000.0,6200.0,102870000.0,416.0,2544700.0,437.0,2217890.0,2.357459602375006,175947260.0,,,,1000.0
2017-11-10T00:00:00,TCH,16.6,16.2,16.45,16.433496342776692,16.55,16.45,2145070.0,2145070.0,0.0,35251000000.0,0.0,19850.0,328520000.0,1000.0,16450000.0,453.0,2622510.0,269.0,2513240.0,2.357459602375006,175927410.0,,,,1000.0
2017-11-13T00:00:00,TCH,17.7,16.95,17.05,17.335768038302355,17.7,16.55,3389870.0,3389870.0,0.0,58766000000.0,0.0,0.0,0.0,6330.0,109280000.0,746.0,6888600.0,252.0,3760340.0,2.357459602375006,175931410.0,,,,1000.0
2017-11-14T00:00:00,TCH,18.9,17.75,17.9,18.202135462560488,18.9,17.7,4062820.0,4062820.0,0.0,73952000000.0,0.0,150.0,2700000.0,830.0,14860000.0,993.0,8039420.0,576.0,5273120.0,2.357459602375006,175937460.0,,,,1000.0
2017-11-15T00:00:00,TCH,18.75,18.15,18.5,18.4784051895829,18.5,18.9,1054420.0,1054420.0,0.0,19484000000.0,0.0,1200.0,22150000.0,0.0,0.0,512.0,1658880.0,429.0,2396660.0,2.357459602375006,175937260.0,,,,1000.0
2017-11-16T00:00:00,TCH,18.9,17.8,18.05,18.28713034858748,18.75,18.5,3026500.0,3026500.0,0.0,55346000000.0,0.0,3000.0,56400000.0,12430.0,225310000.0,826.0,7710480.0,617.0,4166920.0,2.357459602375006,175940590.0,,,,1000.0
2017-11-17T00:00:00,TCH,18.9,17.7,18.9,18.354112608906608,18.2,18.75,2370150.0,2370150.0,0.0,43502000000.0,0.0,0.0,0.0,1430.0,25830000.0,601.0,4270690.0,586.0,4110880.0,2.357459602375006,175941420.0,,,,1000.0
2017-11-20T00:00:00,TCH,18.5,18.05,18.3,18.3263937389042,18.3,18.2,1875710.0,1875710.0,0.0,34375000000.0,0.0,10930.0,198930000.0,0.0,0.0,317.0,3467040.0,322.0,3001300.0,2.357459602375006,175930490.0,,,,1000.0
2017-11-21T00:00:00,TCH,18.65,18.0,18.4,18.357093512529044,18.55,18.3,2866140.0,2866140.0,0.0,52614000000.0,0.0,1000.0,18600000.0,2800.0,50820000.0,395.0,5215700.0,578.0,3596760.0,2.357459602375006,175941920.0,,,,1000.0
2017-11-22T00:00:00,TCH,18.6,18.25,18.55,18.430809360336998,18.6,18.55,667070.0,667070.0,0.0,12294640000.0,0.0,11200.0,207540000.0,200.0,3700000.0,389.0,1349860.0,267.0,945830.0,2.357459602375006,175932150.0,,,,1000.0
2017-11-23T00:00:00,TCH,19.25,18.6,18.65,19.005669381750334,19.1,18.6,3622970.0,3622970.0,0.0,68856970000.0,0.0,7500.0,143000000.0,0.0,0.0,585.0,5253380.0,596.0,4775270.0,2.357459602375006,175924650.0,,,,1000.0
2017-11-24T00:00:00,TCH,19.3,18.8,19.05,19.114688906685814,19.3,19.1,2172660.0,2172660.0,0.0,41529720000.0,0.0,356100.0,6818880000.0,0.0,0.0,392.0,3575730.0,480.0,2687710.0,2.357459602375006,175571350.0,,,,1000.0
2017-11-27T00:00:00,TCH,19.45,19.15,19.3,19.27139348542181,19.2,19.3,1551290.0,1551290.0,0.0,29895520000.0,0.0,8600.0,166200000.0,0.0,0.0,375.0,2162720.0,240.0,1969940.0,2.357459602375006,175562950.0,,,,1000.0
2017-11-28T00:00:00,TCH,19.0,18.5,18.9,18.755071670184673,18.5,19.2,2264540.0,2264540.0,0.0,42471610000.0,0.0,0.0,0.0,4500.0,84610000.0,453.0,3309140.0,382.0,3442500.0,2.357459602375006,175562950.0,,,,1000.0
2017-11-29T00:00:00,TCH,18.9,18.5,18.6,18.683146136377584,18.6,18.5,2606880.0,2606880.0,0.0,48704720000.0,0.0,2670.0,50270000.0,0.0,0.0,433.0,3804630.0,524.0,3799530.0,2.357459602375006,175560285.0,,,,1000.0
2017-11-30T00:00:00,TCH,18.9,18.6,18.65,18.740944486454975,18.8,18.6,1732370.0,1732370.0,0.0,32466250000.0,0.0,240000.0,4506250000.0,0.0,0.0,330.0,2399890.0,313.0,2876100.0,2.357459602375006,175320285.0,,,,1000.0
2017-12-01T00:00:00,TCH,19.0,18.8,18.95,18.863072749363383,18.85,18.8,1201660.0,1201660.0,0.0,22667000000.0,0.0,240000.0,4522030000.0,0.0,0.0,297.0,3312910.0,428.0,1979370.0,2.357459602375006,175084785.0,,,,1000.0
2017-12-04T00:00:00,TCH,18.9,18.7,18.8,18.777073096533982,18.85,18.85,1512110.0,1512110.0,0.0,28393000000.0,0.0,240000.0,4501350000.0,10120.0,190530000.0,338.0,2702040.0,467.0,2337330.0,2.357459602375006,174844785.0,,,,1000.0
2017-12-05T00:00:00,TCH,19.25,18.55,18.85,19.00115206578503,18.95,18.85,2899140.0,2899140.0,0.0,55087000000.0,0.0,0.0,0.0,39250.0,745750000.0,743.0,4702290.0,425.0,3821390.0,2.357459602375006,174844785.0,,,,1000.0
2017-12-06T00:00:00,TCH,19.7,18.8,18.9,19.291689065691862,19.7,18.95,2325250.0,2325250.0,0.0,44858000000.0,0.0,0.0,0.0,58000.0,1122600000.0,731.0,3921960.0,520.0,3909960.0,2.357459602375006,174844785.0,,,,1000.0
2017-12-07T00:00:00,TCH,20.5,19.2,19.35,19.902099135650026,20.5,19.7,2040840.0,2040840.0,0.0,40617000000.0,0.0,0.0,0.0,0.0,0.0,997.0,4253700.0,533.0,2681630.0,2.357459602375006,174854905.0,,,,1000.0
2017-12-08T00:00:00,TCH,21.75,20.6,20.6,21.164560676362168,21.65,20.5,2726350.0,2726350.0,0.0,57702000000.0,0.0,400.0,8340000.0,0.0,0.0,1494.0,4769800.0,530.0,3892020.0,2.357459602375006,174893755.0,,,,1000.0
2017-12-11T00:00:00,TCH,23.15,21.4,21.45,22.450495969090166,23.15,21.65,5652570.0,5652570.0,0.0,126903000000.0,0.0,366360.0,8205310000.0,42550.0,985030000.0,1920.0,12076690.0,569.0,5716520.0,2.357459602375006,174585395.0,,,,1000.0
2017-12-12T00:00:00,TCH,24.15,21.95,22.8,22.93302565088726,24.0,23.15,6552210.0,6552210.0,0.0,150262000000.0,0.0,733200.0,17074600000.0,360300.0,8382250000.0,2528.0,12677250.0,690.0,8546790.0,2.357459602375006,174152195.0,,,,1000.0
2017-12-13T00:00:00,TCH,25.6,24.1,24.15,24.99992277300515,25.3,24.0,3537210.0,3237210.0,300000.0,87962000000.0,7032000000.0,51140.0,1293110000.0,19920.0,498040000.0,2067.0,5744260.0,639.0,4212500.0,2.357459602375006,174101055.0,,,,1000.0
2017-12-14T00:00:00,TCH,25.3,24.3,25.3,24.559647621396074,24.65,25.3,2068230.0,2068230.0,0.0,50795000000.0,0.0,4820.0,117850000.0,82720.0,2037380000.0,1441.0,5007660.0,884.0,3242060.0,2.357459602375006,174138785.0,,,,1000.0
2017-12-15T00:00:00,TCH,25.15,24.7,24.8,24.773781255478173,24.7,24.65,12549800.0,12549800.0,0.0,310906000000.0,0.0,8553600.0,211618770000.0,1085000.0,26810500000.0,1565.0,14477990.0,1050.0,14720590.0,2.357459602375006,165645485.0,,,,1000.0
2017-12-18T00:00:00,TCH,24.6,24.0,24.4,24.217557995050996,24.05,24.7,2824810.0,2824810.0,0.0,68410000000.0,0.0,0.0,0.0,30570.0,740170000.0,990.0,5718410.0,703.0,4033500.0,2.357459602375006,165665405.0,,,,1000.0
2017-12-19T00:00:00,TCH,23.75,22.4,23.7,23.05629971348483,22.6,24.05,4833950.0,4833950.0,0.0,111453000000.0,0.0,466120.0,10716970000.0,40550.0,927490000.0,1793.0,6889160.0,1079.0,7239100.0,2.357459602375006,165282005.0,,,,1000.0
2017-12-20T00:00:00,TCH,23.5,22.0,22.2,22.637998528164935,23.25,22.6,3573770.0,3573770.0,0.0,80903000000.0,0.0,53100.0,1195360000.0,35690.0,813430000.0,1561.0,7014870.0,436.0,4174700.0,2.357459602375006,166313905.0,,,,1000.0
2017-12-21T00:00:00,TCH,23.45,22.5,23.1,23.103277381542373,22.5,23.25,3248630.0,3248630.0,0.0,75054000000.0,0.0,10.0,230000.0,31770.0,730840000.0,1103.0,4498160.0,331.0,3830920.0,2.357459602375006,166344465.0,,,,1000.0
2017-12-22T00:00:00,TCH,23.0,22.5,22.5,22.61151178485676,22.7,22.5,2244830.0,2244830.0,0.0,50759000000.0,0.0,23710.0,536620000.0,32560.0,737550000.0,678.0,4179550.0,332.0,2559930.0,2.357459602375006,166361305.0,,,,1000.0
2017-12-25T00:00:00,TCH,22.5,21.15,22.5,21.67690186740193,21.3,22.7,2393700.0,2393700.0,0.0,51888000000.0,0.0,0.0,0.0,33150.0,713400000.0,865.0,6376130.0,536.0,3106260.0,2.357459602375006,166396995.0,,,,1000.0
2017-12-26T00:00:00,TCH,21.45,20.0,20.55,20.682417371035452,21.45,21.3,3535080.0,3535080.0,0.0,73114000000.0,0.0,3000.0,60000000.0,41250.0,863430000.0,1594.0,8405630.0,372.0,4480180.0,2.357459602375006,166425765.0,,,,1000.0
2017-12-27T00:00:00,TCH,21.75,21.05,21.25,21.55441832878358,21.65,21.45,1315090.0,1315090.0,0.0,28346000000.0,0.0,2600.0,55880000.0,5010.0,107710000.0,566.0,3156160.0,236.0,1983010.0,2.357459602375006,166455725.0,,,,1000.0
2017-12-28T00:00:00,TCH,21.9,21.35,21.65,21.662892671412944,21.8,21.65,2084440.0,2084440.0,0.0,45155000000.0,0.0,0.0,0.0,4900.0,105940000.0,516.0,5070030.0,222.0,2614450.0,2.357459602375006,166488875.0,,,,1000.0
2017-12-29T00:00:00,TCH,21.25,20.5,20.55,20.93326630479742,21.15,21.8,1571470.0,1571470.0,0.0,32896000000.0,0.0,9220.0,192700000.0,0.0,0.0,731.0,3900030.0,619.0,2062540.0,2.357459602375006,166520905.0,,,,1000.0
2018-01-02T00:00:00,TCH,21.5,21.25,21.3,21.36001792830626,21.35,21.15,1026310.0,1026310.0,0.0,21922000000.0,0.0,100.0,2140000.0,0.0,0.0,382.0,1752400.0,343.0,1468790.0,2.357459602375006,166525815.0,,,,1000.0
2018-01-03T00:00:00,TCH,21.8,21.4,21.4,21.61599657660812,21.65,21.35,2056440.0,2056440.0,0.0,44452000000.0,0.0,94640.0,2046700000.0,1500.0,32480000.0,637.0,2875920.0,407.0,2983000.0,2.357459602375006,166436075.0,,,,1000.0
2018-01-04T00:00:00,TCH,21.75,21.3,21.55,21.517325512817408,21.7,21.65,2475540.0,2475540.0,0.0,53267000000.0,0.0,107640.0,2314000000.0,17000.0,368900000.0,740.0,4032140.0,549.0,3357760.0,2.357459602375006,166328435.0,,,,1000.0
2018-01-05T00:00:00,TCH,21.75,21.3,21.7,21.52283434142282,21.5,21.7,1345780.0,1345780.0,0.0,28965000000.0,0.0,90900.0,1960100000.0,100.0,2170000.0,473.0,2058820.0,276.0,2362670.0,2.357459602375006,166237535.0,,,,1000.0
2018-01-08T00:00:00,TCH,21.7,21.15,21.6,21.491258415604463,21.55,21.5,1878950.0,1878950.0,0.0,40381000000.0,0.0,90600.0,1947280000.0,0.0,0.0,609.0,3115790.0,415.0,2419750.0,2.357459602375006,166148435.0,,,,1000.0
2018-01-09T00:00:00,TCH,22.5,21.55,21.65,21.935077776760945,22.4,21.55,4480130.0,4480130.0,0.0,98272000000.0,0.0,98600.0,2160970000.0,0.0,0.0,1400.0,8648490.0,475.0,5216520.0,2.357459602375006,166066835.0,,,,1000.0
2018-01-10T00:00:00,TCH,23.05,22.0,22.2,22.671437187685072,22.85,22.4,3664170.0,3664170.0,0.0,83072000000.0,0.0,108600.0,2465030000.0,0.0,0.0,1150.0,7245880.0,447.0,4850520.0,2.357459602375006,165958335.0,,,,1000.0
2018-01-11T00:00:00,TCH,23.2,22.85,22.9,23.02461920101368,23.05,22.85,3362010.0,3362010.0,0.0,77409000000.0,0.0,90600.0,2086590000.0,52000.0,1196200000.0,1060.0,4320050.0,415.0,4009420.0,2.357459602375006,165867735.0,,,,1000.0
2018-01-12T00:00:00,TCH,22.75,21.8,22.55,22.346601644552816,22.55,23.05,1894740.0,1894740.0,0.0,42341000000.0,0.0,108520.0,2430130000.0,5000.0,113000000.0,1443.0,2648260.0,629.0,2695950.0,2.357459602375006,165759215.0,,,,1000.0
2018-01-15T00:00:00,TCH,22.5,21.6,22.0,22.152499456057313,22.45,22.55,3171290.0,3171290.0,0.0,70252000000.0,0.0,0.0,0.0,405000.0,9044660000.0,1094.0,5480230.0,578.0,4022060.0,2.357459602375006,165759215.0,,,,1000.0
2018-01-16T00:00:00,TCH,22.55,21.45,22.4,21.96537682719873,21.65,22.45,2256870.0,2256870.0,0.0,49573000000.0,0.0,5000.0,108750000.0,3400.0,75990000.0,965.0,2757470.0,721.0,3562250.0,2.357459602375006,165806215.0,,,,1000.0
2018-01-17T00:00:00,TCH,21.2,20.5,21.1,20.97731343881033,20.5,21.65,999270.0,999270.0,0.0,20962000000.0,0.0,90600.0,1898330000.0,0.0,0.0,733.0,1495970.0,469.0,1723170.0,2.357459602375006,165720615.0,,,,1000.0
2018-01-18T00:00:00,TCH,20.55,19.15,19.9,19.8626599699214,20.55,20.5,1762050.0,1762050.0,0.0,34999000000.0,0.0,90900.0,1791560000.0,9000.0,173700000.0,808.0,4592570.0,530.0,2214100.0,2.357459602375006,166034715.0,,,,1000.0
2018-01-19T00:00:00,TCH,21.95,20.05,20.3,21.013069017999772,21.95,20.55,3975050.0,3975050.0,0.0,83528000000.0,0.0,90600.0,1910210000.0,39200.0,825350000.0,971.0,10943460.0,575.0,4689530.0,2.357459602375006,165947515.0,,,,1000.0
2018-01-22T00:00:00,TCH,22.15,21.0,21.95,21.726270892430765,22.05,21.95,2450050.0,2450050.0,0.0,53230450000.0,0.0,92400.0,1992180000.0,0.0,0.0,777.0,4680760.0,818.0,3556650.0,2.357459602375006,165855115.0,,,,1000.0
2018-01-25T00:00:00,TCH,22.55,20.9,22.15,21.866102503438672,21.8,22.05,4674770.0,4674770.0,0.0,102219000000.0,0.0,140850.0,3048510000.0,36570.0,772370000.0,1180.0,7998110.0,956.0,7885730.0,2.357459602375006,165762465.0,,,,1000.0
2018-01-26T00:00:00,TCH,22.25,21.45,21.5,21.961788670600185,22.1,21.8,2776140.0,2776140.0,0.0,60969000000.0,0.0,0.0,0.0,0.0,0.0,871.0,4462050.0,1608.0,4658550.0,2.357459602375006,165762465.0,,,,1000.0
2018-01-29T00:00:00,TCH,22.65,21.75,22.3,22.264856586562466,22.15,22.1,2984030.0,2984030.0,0.0,66439000000.0,0.0,0.0,0.0,0.0,0.0,729.0,3509050.0,550.0,4397460.0,2.357459602375006,165762465.0,,,,1000.0
2018-01-30T00:00:00,TCH,22.45,21.5,22.1,22.034699611970918,22.3,22.15,2242100.0,2242100.0,0.0,49404000000.0,0.0,0.0,0.0,0.0,0.0,697.0,4171900.0,747.0,3315940.0,2.357459602375006,0.0,,,,1000.0
2018-01-31T00:00:00,TCH,22.4,21.5,22.3,22.02667304737677,21.5,22.3,1588120.0,1588120.0,0.0,34981000000.0,0.0,0.0,0.0,0.0,0.0,1135.0,2641270.0,642.0,2042850.0,2.357459602375006,165776395.0,,,,1000.0
2018-02-01T00:00:00,TCH,21.7,20.85,21.5,21.176927421632307,21.0,21.5,1133120.0,1133120.0,0.0,23996000000.0,0.0,0.0,0.0,0.0,0.0,505.0,1544560.0,292.0,1421050.0,2.357459602375006,165776395.0,,,,1000.0
2018-02-02T00:00:00,TCH,21.3,20.65,20.8,20.976107650967567,21.1,21.0,480070.0,480070.0,0.0,10070000000.0,0.0,0.0,0.0,0.0,0.0,439.0,1070050.0,226.0,694150.0,2.357459602375006,0.0,,,,1000.0
2018-02-05T00:00:00,TCH,21.4,20.0,21.3,21.109868531123695,20.5,21.1,1135630.0,1135630.0,0.0,23973000000.0,0.0,90560.0,1906760000.0,0.0,0.0,393.0,1527580.0,611.0,1480220.0,2.357459602375006,165595275.0,,,,1000.0
2018-02-06T00:00:00,TCH,19.5,19.1,19.1,19.202720015768207,19.1,20.5,1217640.0,1217640.0,0.0,23382000000.0,0.0,0.0,0.0,19290.0,368470000.0,354.0,1229990.0,487.0,2378510.0,2.357459602375006,165595275.0,,,,1000.0
2018-02-07T00:00:00,TCH,20.0,19.1,19.1,19.550263233062807,20.0,19.1,3816010.0,3816010.0,0.0,74604000000.0,0.0,0.0,0.0,0.0,0.0,652.0,4676860.0,901.0,4173850.0,2.357459602375006,0.0,,,,1000.0
2018-02-08T00:00:00,TCH,20.45,19.75,19.8,19.998333093399808,20.45,20.0,1319810.0,1319810.0,0.0,26394000000.0,0.0,200.0,3970000.0,0.0,0.0,357.0,1607650.0,286.0,1983930.0,2.357459602375006,165612375.0,,,,1000.0
2018-02-09T00:00:00,TCH,20.6,19.2,19.3,19.633090096667996,20.6,20.45,2287210.0,2287210.0,0.0,44905000000.0,0.0,0.0,0.0,195280.0,3792030000.0,561.0,3239890.0,351.0,2656510.0,2.357459602375006,165631665.0,,,,1000.0
2018-02-12T00:00:00,TCH,21.5,20.6,20.6,21.03165846756922,21.5,20.6,1540820.0,1540820.0,0.0,32406000000.0,0.0,0.0,0.0,0.0,0.0,393.0,1851390.0,296.0,1987500.0,2.357459602375006,0.0,,,,1000.0
2018-02-13T00:00:00,TCH,22.0,21.6,21.9,21.71933201447183,21.7,21.5,1122180.0,1122180.0,0.0,24373000000.0,0.0,0.0,0.0,0.0,0.0,311.0,1286080.0,322.0,1886270.0,2.357459602375006,0.0,,,,1000.0
2018-02-21T00:00:00,TCH,22.45,22.0,22.2,22.225060588196765,22.35,21.7,1526700.0,1526700.0,0.0,33931000000.0,0.0,16750.0,371380000.0,3210.0,71260000.0,382.0,2683230.0,583.0,2619130.0,2.357459602375006,165827275.0,,,,1000.0
2018-02-22T00:00:00,TCH,22.7,21.8,21.8,22.386568633792596,22.5,22.35,1391370.0,1391370.0,0.0,31148000000.0,0.0,45280.0,1012930000.0,0.0,0.0,648.0,1728490.0,557.0,2081880.0,2.357459602375006,166015895.0,,,,1000.0
2018-02-23T00:00:00,TCH,22.9,22.45,22.45,22.727164915443183,22.8,22.5,1264830.0,1264830.0,0.0,28746000000.0,0.0,0.0,0.0,0.0,0.0,886.0,2103210.0,644.0,2490930.0,2.357459602375006,0.0,,,,1000.0
2018-02-26T00:00:00,TCH,22.65,21.4,22.5,21.814735198825446,21.4,22.8,1614230.0,1614230.0,0.0,35214000000.0,0.0,0.0,0.0,0.0,0.0,1219.0,2266700.0,631.0,2095540.0,2.357459602375006,0.0,,,,1000.0
2018-02-27T00:00:00,TCH,20.85,20.0,20.0,20.40393578456758,20.85,21.4,1564110.0,1564110.0,0.0,31914000000.0,0.0,0.0,0.0,0.0,0.0,1110.0,2237360.0,538.0,1965050.0,2.357459602375006,0.0,,,,1000.0
2018-02-28T00:00:00,TCH,20.55,19.9,20.5,20.317797435797516,19.9,20.85,1026440.0,1026440.0,0.0,20855000000.0,0.0,0.0,0.0,0.0,0.0,993.0,1240350.0,452.0,1408110.0,2.357459602375006,0.0,,,,1000.0
2018-03-01T00:00:00,TCH,20.45,19.9,19.9,20.14934458828781,20.25,19.9,985640.0,985640.0,0.0,19860000000.0,0.0,0.0,0.0,0.0,0.0,759.0,1476660.0,426.0,1280190.0,2.357459602375006,0.0,,,,1000.0
2018-03-02T00:00:00,TCH,20.35,20.1,20.15,20.233475582882757,20.35,20.25,930290.0,930290.0,0.0,18823000000.0,0.0,10000.0,202000000.0,0.0,0.0,526.0,1175180.0,398.0,1084740.0,2.357459602375006,165893605.0,,,,1000.0
2018-03-05T00:00:00,TCH,21.75,21.2,21.2,21.66786638392249,21.6,20.35,2056040.0,2056040.0,0.0,44550000000.0,0.0,80040.0,1735260000.0,140840.0,3056890000.0,1768.0,2841470.0,927.0,2276020.0,2.357459602375006,165856835.0,,,,1000.0
2018-03-06T00:00:00,TCH,21.9,21.25,21.75,21.462355783036877,21.45,21.6,1183980.0,1183980.0,0.0,25411000000.0,0.0,79790.0,1707930000.0,90560.0,1937890000.0,1162.0,1454440.0,665.0,1978620.0,2.357459602375006,165809375.0,,,,1000.0
2018-03-07T00:00:00,TCH,21.8,21.1,21.5,21.398860168003672,21.8,21.45,1480920.0,1480920.0,0.0,31690000000.0,0.0,0.0,0.0,0.0,0.0,1279.0,2096700.0,643.0,2024320.0,2.357459602375006,0.0,,,,1000.0
2018-03-08T00:00:00,TCH,22.0,21.65,22.0,21.762495730388252,21.8,21.8,1317450.0,1317450.0,0.0,28671000000.0,0.0,0.0,0.0,0.0,0.0,918.0,1443170.0,685.0,2024740.0,2.357459602375006,0.0,,,,1000.0
2018-03-09T00:00:00,TCH,22.25,21.65,21.9,21.966492636172365,22.2,21.8,3208250.0,3208250.0,0.0,70474000000.0,0.0,516300.0,11343870000.0,22640.0,496270000.0,2200.0,4445970.0,1008.0,4071710.0,2.357459602375006,165364395.0,,,,1000.0
2018-03-12T00:00:00,TCH,22.2,21.6,22.2,21.960031518768755,21.6,22.2,1192940.0,1192940.0,0.0,26197000000.0,0.0,1810.0,39730000.0,0.0,0.0,892.0,1334790.0,662.0,2252710.0,2.357459602375006,165362585.0,,,,1000.0
2018-03-13T00:00:00,TCH,21.95,21.5,21.65,21.727648160511407,21.75,21.6,1692590.0,1692590.0,0.0,36776000000.0,0.0,1920.0,41680000.0,10.0,220000.0,1901.0,2603920.0,941.0,2477920.0,2.357459602375006,165365665.0,,,,1000.0
2018-03-14T00:00:00,TCH,22.1,21.5,21.8,21.801659272531463,21.75,21.75,2098510.0,2098510.0,0.0,45751000000.0,0.0,0.0,0.0,0.0,0.0,1133.0,3462680.0,848.0,2786940.0,2.357459602375006,165388305.0,,,,1000.0
2018-03-15T00:00:00,TCH,21.75,21.45,21.75,21.60274662823262,21.75,21.75,853410.0,853410.0,0.0,18436000000.0,0.0,0.0,0.0,0.0,0.0,728.0,1007110.0,530.0,1592230.0,2.357459602375006,165388305.0,,,,1000.0
2018-03-16T00:00:00,TCH,21.9,21.7,21.85,21.789168633301134,21.8,21.75,4089050.0,4089050.0,0.0,89097000000.0,0.0,3438820.0,74945700000.0,1302880.0,28402780000.0,953.0,4513160.0,704.0,5902900.0,2.357459602375006,161949495.0,,,,1000.0
2018-03-19T00:00:00,TCH,21.75,20.4,21.75,20.88406250336996,20.4,21.8,927310.0,927310.0,0.0,19366000000.0,0.0,0.0,0.0,0.0,0.0,650.0,1115100.0,428.0,1336780.0,2.357459602375006,0.0,,,,1000.0
2018-03-20T00:00:00,TCH,20.45,19.9,20.35,20.20438491134499,20.2,20.4,982460.0,982460.0,0.0,19850000000.0,0.0,16750.0,0.0,3210.0,0.0,710.0,1233130.0,426.0,7858190.0,2.357459602375006,165827275.0,,,,1000.0
2018-03-21T00:00:00,TCH,21.6,20.2,20.3,21.08922363847045,21.15,20.2,992450.0,992450.0,0.0,20930000000.0,0.0,357740.0,7625000000.0,0.0,0.0,363.0,1376510.0,422.0,1051200.0,2.357459602375006,162894635.0,,,,1000.0
2018-03-22T00:00:00,TCH,21.25,20.55,21.15,20.9652123442459,20.55,21.15,809770.0,809770.0,0.0,16977000000.0,0.0,0.0,0.0,100.0,2080000.0,400.0,951620.0,450.0,1133080.0,2.357459602375006,162894635.0,,,,1000.0
2018-03-23T00:00:00,TCH,20.35,19.3,20.2,20.224200233205185,20.25,20.55,866190.0,866190.0,0.0,17518000000.0,0.0,0.0,0.0,0.0,0.0,504.0,1316120.0,343.0,1132700.0,2.357459602375006,0.0,,,,1000.0
2018-03-26T00:00:00,TCH,21.1,20.15,20.2,20.712327785441712,21.1,20.25,1116340.0,1116340.0,0.0,23122000000.0,0.0,0.0,0.0,100.0,2050000.0,344.0,1328040.0,391.0,1265620.0,2.357459602375006,162873095.0,,,,1000.0
2018-03-27T00:00:00,TCH,21.1,20.8,21.0,21.000688114472084,20.8,21.1,1060870.0,1060870.0,0.0,22279000000.0,0.0,0.0,0.0,0.0,0.0,175.0,1084590.0,287.0,1190160.0,2.357459602375006,0.0,,,,1000.0
2018-03-28T00:00:00,TCH,21.2,20.7,20.8,21.04129515775202,21.0,20.8,1062110.0,1062110.0,0.0,22348170000.0,0.0,43080.0,907070000.0,0.0,0.0,196.0,1193360.0,340.0,1284370.0,2.357459602375006,162830115.0,,,,1000.0
2018-03-29T00:00:00,TCH,21.15,20.25,21.0,21.014613984155883,20.25,21.0,1016150.0,1016150.0,0.0,21354000000.0,0.0,34480.0,720760000.0,0.0,0.0,235.0,1064010.0,412.0,1175290.0,2.357459602375006,162795735.0,,,,1000.0
2018-03-30T00:00:00,TCH,21.0,20.3,20.95,20.705891076261448,20.7,20.25,809190.0,809190.0,0.0,16755000000.0,0.0,0.0,0.0,0.0,0.0,273.0,889530.0,278.0,936230.0,2.357459602375006,162795735.0,,,,1000.0
2018-04-02T00:00:00,TCH,21.3,20.6,20.7,21.016814487922414,21.0,20.7,1157930.0,1157930.0,0.0,24336000000.0,0.0,0.0,0.0,0.0,0.0,290.0,1233940.0,371.0,1599520.0,2.357459602375006,162795735.0,,,,1000.0
2018-04-03T00:00:00,TCH,21.45,20.95,21.0,21.149727078007324,21.1,21.0,1157840.0,1157840.0,0.0,24488000000.0,0.0,47980.0,1015790000.0,15700.0,332060000.0,320.0,1186530.0,504.0,1545140.0,2.357459602375006,162747755.0,,,,1000.0
2018-04-04T00:00:00,TCH,21.5,20.95,21.05,21.196650459211234,21.1,21.1,1110600.0,1110600.0,0.0,23541000000.0,0.0,0.0,0.0,0.0,0.0,292.0,1140270.0,451.0,1353410.0,2.357459602375006,0.0,,,,1000.0
2018-04-05T00:00:00,TCH,21.95,20.95,21.1,21.29787401368391,21.75,21.1,762940.0,762940.0,0.0,16249000000.0,0.0,31070.0,675770000.0,0.0,0.0,248.0,930770.0,403.0,1152270.0,2.357459602375006,162716685.0,,,,1000.0
2018-04-06T00:00:00,TCH,22.2,21.6,21.65,21.852893255144064,21.9,21.75,1454590.0,1454590.0,0.0,31787000000.0,0.0,0.0,0.0,0.0,0.0,263.0,1524080.0,558.0,1847300.0,2.357459602375006,0.0,,,,1000.0
2018-04-09T00:00:00,TCH,22.5,21.9,21.95,22.15870716404178,22.5,21.9,1021630.0,1021630.0,0.0,22638000000.0,0.0,86160.0,1913670000.0,0.0,0.0,295.0,1077340.0,548.0,1244790.0,2.357459602375006,162646225.0,,,,1000.0
2018-04-10T00:00:00,TCH,22.7,22.4,22.45,22.559186637618012,22.55,22.5,1032750.0,1032750.0,0.0,23298000000.0,0.0,64620.0,1455140000.0,0.0,0.0,491.0,1104140.0,697.0,1344000.0,2.357459602375006,162581605.0,,,,1000.0
2018-04-11T00:00:00,TCH,22.8,22.3,22.45,22.558525302555953,22.8,22.55,1712080.0,1712080.0,0.0,38622000000.0,0.0,71420.0,1609130000.0,95740.0,2160510000.0,931.0,1813130.0,775.0,1857470.0,2.357459602375006,162510185.0,,,,1000.0
2018-04-12T00:00:00,TCH,23.2,22.5,22.5,22.858926192219513,23.0,22.8,833110.0,833110.0,0.0,19044000000.0,0.0,0.0,0.0,0.0,0.0,498.0,910690.0,552.0,958020.0,2.357459602375006,0.0,,,,1000.0
2018-04-13T00:00:00,TCH,23.7,23.0,23.3,23.166096923386284,23.7,23.0,994600.0,994600.0,0.0,23041000000.0,0.0,0.0,0.0,0.0,0.0,504.0,1131040.0,618.0,1138800.0,2.357459602375006,0.0,,,,1000.0
2018-04-16T00:00:00,TCH,23.9,23.25,23.25,23.624196362419635,23.8,23.7,2092050.0,2092050.0,0.0,49423000000.0,0.0,0.0,0.0,920.0,21800000.0,496.0,2168750.0,625.0,2242540.0,2.357459602375006,162541335.0,,,,1000.0
2018-04-17T00:00:00,TCH,25.15,24.15,24.3,24.55824817518248,25.0,23.8,856250.0,856250.0,0.0,21028000000.0,0.0,0.0,0.0,0.0,0.0,503.0,1137340.0,564.0,1099420.0,2.357459602375006,0.0,,,,1000.0
2018-04-18T00:00:00,TCH,25.8,24.3,25.8,24.659439517839353,24.85,25.0,1013770.0,1013770.0,0.0,24999000000.0,0.0,0.0,0.0,0.0,0.0,530.0,1207980.0,702.0,1262690.0,2.357459602375006,0.0,,,,1000.0
2018-04-19T00:00:00,TCH,25.15,24.5,24.75,24.78210212632475,24.8,24.85,892620.0,892620.0,0.0,22121000000.0,0.0,0.0,0.0,0.0,0.0,776.0,1102260.0,633.0,1142440.0,2.357459602375006,0.0,,,,1000.0
2018-04-20T00:00:00,TCH,25.1,24.65,24.65,24.926818921021,25.0,24.8,707150.0,707150.0,0.0,17627000000.0,0.0,400.0,10020000.0,52480.0,1309450000.0,325.0,969100.0,374.0,844350.0,2.357459602375006,162544855.0,,,,1000.0
2018-04-23T00:00:00,TCH,25.1,24.25,24.8,24.64544388699435,24.7,25.0,1680270.0,1680270.0,0.0,41411000000.0,0.0,0.0,0.0,0.0,0.0,359.0,1936990.0,500.0,1946850.0,2.357459602375006,0.0,,,,1000.0
2018-04-24T00:00:00,TCH,25.8,23.5,24.65,24.945209587745406,25.1,24.7,2167350.0,2167350.0,0.0,54065000000.0,0.0,400.0,10100000.0,0.0,0.0,548.0,3294800.0,445.0,2546560.0,2.357459602375006,162714705.0,,,,1000.0
2018-04-26T00:00:00,TCH,25.45,24.8,25.45,25.109529610395164,25.05,25.1,1403730.0,1403730.0,0.0,35247000000.0,0.0,400.0,9940000.0,45420.0,1139010000.0,401.0,1826820.0,410.0,1713780.0,2.357459602375006,162766785.0,,,,1000.0
2018-04-27T00:00:00,TCH,26.8,24.95,25.05,25.87818217191114,26.8,25.05,1387810.0,1387810.0,0.0,35914000000.0,0.0,101830.0,2642820000.0,26550.0,711540000.0,707.0,2498610.0,424.0,1457720.0,2.357459602375006,162716445.0,,,,1000.0
2018-05-02T00:00:00,TCH,28.65,26.6,26.9,27.204650894180606,28.65,26.8,1558410.0,1558410.0,0.0,42396000000.0,0.0,0.0,0.0,0.0,0.0,604.0,1848460.0,487.0,1615010.0,2.357459602375006,0.0,,,,1000.0
2018-05-03T00:00:00,TCH,29.6,28.05,29.0,28.661068742164648,28.85,28.65,1531520.0,1531520.0,0.0,43895000000.0,0.0,0.0,0.0,1200.0,34140000.0,534.0,1999110.0,610.0,1638690.0,2.357459602375006,162749835.0,,,,1000.0
2018-05-04T00:00:00,TCH,30.2,28.8,28.8,29.578170101996946,30.2,28.85,2116730.0,2116730.0,0.0,62609000000.0,0.0,16280.0,484090000.0,116120.0,3420070000.0,596.0,3716880.0,485.0,2252080.0,2.357459602375006,162760105.0,,,,1000.0
2018-05-07T00:00:00,TCH,30.25,29.05,29.1,29.85277566713704,29.85,30.2,1750390.0,1750390.0,0.0,52254000000.0,0.0,0.0,0.0,0.0,0.0,427.0,2291370.0,445.0,2043350.0,2.357459602375006,0.0,,,,1000.0
2018-05-08T00:00:00,TCH,29.95,29.3,29.9,29.49932678402234,29.3,29.85,1604240.0,1604240.0,0.0,47324000000.0,0.0,0.0,0.0,18850.0,552310000.0,351.0,1935130.0,411.0,2073720.0,2.357459602375006,162804385.0,,,,1000.0
2018-05-09T00:00:00,TCH,28.85,28.3,28.5,28.476431294108767,28.35,29.3,1324850.0,1324850.0,0.0,37727000000.0,0.0,0.0,0.0,250.0,7130000.0,260.0,1444810.0,357.0,1766690.0,2.357459602375006,162920505.0,,,,1000.0
2018-05-10T00:00:00,TCH,29.2,28.0,28.05,28.569280881984465,28.6,28.35,997750.0,997750.0,0.0,28505000000.0,0.0,8000.0,228400000.0,0.0,0.0,283.0,1699820.0,211.0,1245280.0,2.357459602375006,162934535.0,,,,1000.0
2018-05-11T00:00:00,TCH,29.2,28.35,28.45,28.95919437021507,29.0,28.6,1163810.0,1163810.0,0.0,33703000000.0,0.0,0.0,0.0,0.0,0.0,280.0,1629360.0,194.0,1395330.0,2.357459602375006,0.0,,,,1000.0
2018-05-14T00:00:00,TCH,29.85,29.05,29.05,29.541713653332963,29.7,29.0,1427710.0,1427710.0,0.0,42177000000.0,0.0,0.0,0.0,0.0,0.0,304.0,1889660.0,212.0,1608990.0,2.357459602375006,162911305.0,,,,1000.0
2018-05-15T00:00:00,TCH,30.2,29.4,29.85,29.858840643161294,29.75,29.7,1416130.0,1416130.0,0.0,42284000000.0,0.0,10.0,300000.0,0.0,0.0,354.0,1648160.0,258.0,1753880.0,2.357459602375006,162911295.0,,,,1000.0
2018-05-16T00:00:00,TCH,30.95,29.8,29.85,30.453870211102426,30.5,29.75,2558000.0,2558000.0,0.0,77901000000.0,0.0,0.0,0.0,0.0,0.0,767.0,3422160.0,278.0,2971460.0,2.357459602375006,0.0,,,,1000.0
2018-05-17T00:00:00,TCH,30.7,29.0,30.05,29.801987275716634,29.55,30.5,1538790.0,1538790.0,0.0,45859000000.0,0.0,0.0,0.0,0.0,0.0,601.0,3004080.0,301.0,1839230.0,2.357459602375006,0.0,,,,1000.0
2018-05-18T00:00:00,TCH,29.7,29.0,29.3,29.340323670220577,29.3,29.55,680940.0,680940.0,0.0,19979000000.0,0.0,0.0,0.0,0.0,0.0,351.0,1032800.0,234.0,1082850.0,2.357459602375006,0.0,,,,1000.0
2018-05-21T00:00:00,TCH,29.2,27.75,29.1,28.342832809224316,28.0,29.3,610560.0,610560.0,0.0,17305000000.0,0.0,0.0,0.0,0.0,0.0,315.0,707460.0,331.0,959700.0,2.357459602375006,0.0,,,,1000.0
2018-05-22T00:00:00,TCH,27.7,26.9,27.6,27.302691814685954,27.15,28.0,709930.0,709930.0,0.0,19383000000.0,0.0,10800.0,292540000.0,0.0,0.0,300.0,1343390.0,275.0,1169610.0,2.357459602375006,162932575.0,,,,1000.0
2018-05-23T00:00:00,TCH,27.55,26.8,26.95,27.230638258172107,27.45,27.15,857490.0,857490.0,0.0,23350000000.0,0.0,0.0,0.0,14000.0,377050000.0,299.0,1579040.0,173.0,1205320.0,2.357459602375006,162932575.0,,,,1000.0
2018-05-24T00:00:00,TCH,27.65,25.65,27.3,26.799463422701628,27.5,27.45,1088380.0,1088380.0,0.0,29168000000.0,0.0,37880.0,1003910000.0,193950.0,5058560000.0,294.0,1450250.0,198.0,1561030.0,2.357459602375006,163000165.0,,,,1000.0
2018-05-25T00:00:00,TCH,27.65,27.25,27.6,27.43546740557095,27.45,27.5,548560.0,548560.0,0.0,15050000000.0,0.0,0.0,0.0,0.0,0.0,293.0,658920.0,186.0,666470.0,2.357459602375006,0.0,,,,1000.0
2018-05-28T00:00:00,TCH,27.45,26.75,27.3,27.23177808971109,27.15,27.45,477310.0,477310.0,0.0,12998000000.0,0.0,5020.0,136160000.0,0.0,0.0,232.0,683890.0,189.0,594500.0,2.357459602375006,162988815.0,,,,1000.0
2018-05-29T00:00:00,TCH,27.55,26.4,27.0,27.063944230156764,27.5,27.15,1130360.0,1130360.0,0.0,30592000000.0,0.0,88200.0,2396020000.0,20710.0,569530000.0,425.0,2055310.0,212.0,1260040.0,2.357459602375006,163094565.0,,,,1000.0
2018-05-30T00:00:00,TCH,27.8,27.2,27.55,27.38466874783212,27.55,27.5,634260.0,634260.0,0.0,17369000000.0,0.0,22730.0,620450000.0,14710.0,405260000.0,318.0,753420.0,220.0,794450.0,2.357459602375006,163071835.0,,,,1000.0
2018-05-31T00:00:00,TCH,27.9,26.8,27.3,27.14409557878374,27.9,27.55,1003570.0,1003570.0,0.0,27241000000.0,0.0,0.0,0.0,0.0,0.0,376.0,1553940.0,261.0,1095600.0,2.357459602375006,0.0,,,,1000.0
2018-06-01T00:00:00,TCH,29.0,27.65,27.9,28.358869161823982,28.2,27.9,1808570.0,1808570.0,0.0,51289000000.0,0.0,0.0,0.0,0.0,0.0,799.0,2625940.0,367.0,1997490.0,2.357459602375006,0.0,,,,1000.0
2018-06-04T00:00:00,TCH,28.8,28.1,28.25,28.49060205834881,28.7,28.2,1152380.0,1152380.0,0.0,32832000000.0,0.0,0.0,0.0,0.0,0.0,499.0,1549420.0,231.0,1399280.0,2.357459602375006,0.0,,,,1000.0
2018-06-05T00:00:00,TCH,29.0,28.1,28.75,28.482166102577455,28.35,28.7,345690.0,345690.0,0.0,9846000000.0,0.0,0.0,0.0,0.0,0.0,322.0,448690.0,136.0,524390.0,2.357459602375006,0.0,,,,1000.0
2018-06-06T00:00:00,TCH,28.1,27.05,28.1,27.574600532020774,27.6,28.35,552610.0,552610.0,0.0,15238000000.0,0.0,7480.0,205760000.0,0.0,0.0,467.0,775490.0,294.0,859870.0,2.357459602375006,163079475.0,,,,1000.0
2018-06-07T00:00:00,TCH,27.65,27.0,27.05,27.297096487522033,27.65,27.6,686410.0,686410.0,0.0,18737000000.0,0.0,7480.0,203610000.0,33630.0,913000000.0,394.0,1183910.0,225.0,864070.0,2.357459602375006,163089095.0,,,,1000.0
2018-06-08T00:00:00,TCH,27.75,27.45,27.7,27.588780175783562,27.65,27.65,844220.0,844220.0,0.0,23291000000.0,0.0,40540.0,1119470000.0,11420.0,314540000.0,354.0,1105100.0,150.0,1089640.0,2.357459602375006,163048555.0,,,,1000.0
2018-06-11T00:00:00,TCH,26.7,25.8,25.8,26.364621324258746,25.9,27.65,655310.0,655310.0,0.0,17277000000.0,0.0,0.0,0.0,0.0,0.0,379.0,757570.0,272.0,987330.0,2.357459602375006,0.0,,,,1000.0
2018-06-12T00:00:00,TCH,25.7,24.1,25.7,24.946319610720632,24.15,25.9,647350.0,647350.0,0.0,16149000000.0,0.0,200.0,4960000.0,24330.0,595750000.0,432.0,703950.0,241.0,898660.0,2.357459602375006,163073215.0,,,,1000.0
2018-06-13T00:00:00,TCH,24.65,22.65,22.7,22.932667596739847,22.65,24.15,680950.0,680950.0,0.0,15616000000.0,0.0,64330.0,1507320000.0,0.0,0.0,247.0,848190.0,210.0,918740.0,2.357459602375006,163020305.0,,,,1000.0
2018-06-14T00:00:00,TCH,24.2,22.75,23.9,23.001719137999896,23.5,22.65,575870.0,575870.0,0.0,13246000000.0,0.0,0.0,0.0,0.0,0.0,347.0,738220.0,288.0,638800.0,2.357459602375006,0.0,,,,1000.0
2018-06-15T00:00:00,TCH,24.0,22.05,24.0,22.587191026622598,22.05,23.5,1606530.0,1606530.0,0.0,36287000000.0,0.0,254780.0,5617900000.0,1094980.0,24153500000.0,558.0,1968570.0,267.0,2993770.0,2.357459602375006,162771455.0,,,,1000.0
2018-06-18T00:00:00,TCH,23.15,22.35,22.75,22.827273544559034,22.8,22.05,1557260.0,1557260.0,0.0,35548000000.0,0.0,15610.0,358120000.0,43660.0,993630000.0,1115.0,2199990.0,490.0,2546570.0,2.357459602375006,162755845.0,,,,1000.0
2018-06-19T00:00:00,TCH,22.45,21.25,22.3,22.243030736240172,22.25,22.8,699500.0,699500.0,0.0,15559000000.0,0.0,24300.0,538960000.0,10400.0,229950000.0,470.0,855130.0,253.0,970740.0,2.357459602375006,162731545.0,,,,1000.0
2018-06-20T00:00:00,TCH,22.7,21.0,22.0,22.102284439946775,22.6,22.25,1067220.0,1067220.0,0.0,23588000000.0,0.0,0.0,0.0,20.0,430000.0,570.0,2463610.0,315.0,1673830.0,2.357459602375006,163826525.0,,,,1000.0
2018-06-21T00:00:00,TCH,22.4,21.05,22.0,21.991672735767384,21.45,22.6,727730.0,727730.0,0.0,16004000000.0,0.0,0.0,0.0,6500.0,139870000.0,366.0,2340890.0,285.0,919580.0,2.357459602375006,163870185.0,,,,1000.0
2018-06-22T00:00:00,TCH,22.95,21.15,21.35,22.186859464092723,22.95,21.45,1341650.0,1341650.0,0.0,29767000000.0,0.0,0.0,0.0,48600.0,1038030000.0,773.0,2989020.0,342.0,1481050.0,2.357459602375006,163880585.0,,,,1000.0
2018-06-25T00:00:00,TCH,22.95,22.5,22.95,22.74963927633283,22.8,22.95,540580.0,540580.0,0.0,12298000000.0,0.0,0.0,0.0,8890.0,200530000.0,252.0,590790.0,188.0,716420.0,2.357459602375006,163880605.0,,,,1000.0
2018-06-26T00:00:00,TCH,22.45,21.3,22.3,22.01311543666077,21.55,22.8,480350.0,480350.0,0.0,10574000000.0,0.0,0.0,0.0,0.0,0.0,280.0,568830.0,194.0,655730.0,2.357459602375006,163887105.0,,,,1000.0
2018-06-27T00:00:00,TCH,21.85,21.2,21.3,21.60988583524814,21.7,21.55,552710.0,552710.0,0.0,11944000000.0,0.0,19230.0,415260000.0,0.0,0.0,400.0,735720.0,200.0,791860.0,2.357459602375006,163916475.0,,,,1000.0
2018-06-28T00:00:00,TCH,21.75,20.5,21.4,21.163806018062747,21.4,21.7,467260.0,467260.0,0.0,9889000000.0,0.0,200.0,4100000.0,0.0,0.0,341.0,562080.0,232.0,636950.0,2.357459602375006,163925165.0,,,,1000.0
2018-06-29T00:00:00,TCH,21.85,21.3,21.3,21.594434104404858,21.75,21.4,902640.0,902640.0,0.0,19492000000.0,0.0,0.0,0.0,0.0,0.0,443.0,1558690.0,237.0,1098460.0,2.357459602375006,163925165.0,,,,1000.0
2018-07-02T00:00:00,TCH,21.65,20.3,21.5,20.81430599792778,21.5,21.75,521180.0,521180.0,0.0,10848000000.0,0.0,0.0,0.0,8510.0,176370000.0,433.0,694530.0,271.0,844850.0,2.357459602375006,163925165.0,,,,1000.0
2018-07-03T00:00:00,TCH,21.55,20.0,21.45,21.160028333242522,20.6,21.5,367060.0,367060.0,0.0,7767000000.0,0.0,0.0,0.0,52050.0,1058280000.0,401.0,428880.0,349.0,728990.0,2.357459602375006,163925165.0,,,,1000.0
2018-07-04T00:00:00,TCH,21.25,20.45,20.65,20.80547283249986,21.15,20.6,1423760.0,1423760.0,0.0,29622000000.0,0.0,24230.0,509180000.0,7700.0,160270000.0,570.0,2637810.0,343.0,1745900.0,2.357459602375006,163900935.0,,,,1000.0
2018-07-05T00:00:00,TCH,20.6,20.2,20.4,20.39549017880736,20.45,21.15,908240.0,908240.0,0.0,18524000000.0,0.0,23220.0,472090000.0,7990.0,162390000.0,429.0,1461160.0,207.0,1267840.0,2.262715362997543,163886225.0,,,,1000.0
2018-07-06T00:00:00,TCH,21.3,20.05,20.45,20.67587919478519,20.45,20.45,1739660.0,1739660.0,0.0,35969000000.0,0.0,0.0,0.0,0.0,0.0,497.0,3189560.0,313.0,2326800.0,2.262715362997543,0.0,,,,1000.0
2018-07-09T00:00:00,TCH,20.85,20.45,20.5,20.709072269061863,20.6,20.45,653530.0,653530.0,0.0,13534000000.0,0.0,0.0,0.0,0.0,0.0,508.0,971720.0,216.0,996990.0,2.262715362997543,0.0,,,,1000.0
2018-07-10T00:00:00,TCH,20.9,20.55,20.65,20.743298725548645,20.85,20.6,889010.0,889010.0,0.0,18441000000.0,0.0,0.0,0.0,0.0,0.0,475.0,1513140.0,171.0,1212450.0,2.262715362997543,0.0,,,,1000.0
2018-07-11T00:00:00,TCH,20.9,20.0,20.85,20.589619865835,20.5,20.85,509820.0,509820.0,0.0,10497000000.0,0.0,0.0,0.0,0.0,0.0,205.0,551840.0,131.0,919290.0,2.262715362997543,0.0,,,,1000.0
2018-07-12T00:00:00,TCH,20.6,20.0,20.0,20.3210671076995,20.45,20.5,556270.0,556270.0,0.0,11304000000.0,0.0,0.0,0.0,0.0,0.0,345.0,1348920.0,190.0,823970.0,2.262715362997543,0.0,,,,1000.0
2018-07-13T00:00:00,TCH,20.55,20.15,20.15,20.314265536723163,20.5,20.45,566400.0,566400.0,0.0,11506000000.0,0.0,0.0,0.0,0.0,0.0,359.0,1026770.0,173.0,928640.0,2.262715362997543,0.0,,,,1000.0
2018-07-16T00:00:00,TCH,20.5,20.25,20.4,20.344216883883565,20.5,20.5,440420.0,440420.0,0.0,8960000000.0,0.0,0.0,0.0,32510.0,660390000.0,314.0,562520.0,195.0,651610.0,2.262715362997543,164092185.0,,,,1000.0
2018-07-17T00:00:00,TCH,21.05,19.9,20.35,20.548025093517506,21.05,20.5,1200310.0,1200310.0,0.0,24664000000.0,0.0,0.0,0.0,0.0,0.0,434.0,2560480.0,232.0,1373020.0,2.262715362997543,0.0,,,,1000.0
2018-07-18T00:00:00,TCH,21.6,20.7,21.1,21.24393702851831,21.6,21.05,839110.0,839110.0,0.0,17826000000.0,0.0,0.0,0.0,0.0,0.0,396.0,1907670.0,205.0,999810.0,2.262715362997543,0.0,,,,1000.0
2018-07-19T00:00:00,TCH,22.15,21.15,21.7,21.57057079379238,21.9,21.6,1210770.0,1210770.0,0.0,26117000000.0,0.0,13000.0,279760000.0,0.0,0.0,570.0,2476330.0,309.0,1524000.0,2.262715362997543,164105065.0,,,,1000.0
2018-07-20T00:00:00,TCH,22.5,21.65,21.8,21.974434670097192,22.5,21.9,1344790.0,1344790.0,0.0,29551000000.0,0.0,0.0,0.0,0.0,0.0,606.0,2139200.0,216.0,1718950.0,2.262715362997543,0.0,,,,1000.0
2018-07-23T00:00:00,TCH,22.9,22.1,22.7,22.398637069295752,22.35,22.5,991980.0,991980.0,0.0,22219000000.0,0.0,28020.0,626250000.0,6500.0,145360000.0,338.0,1364750.0,246.0,1349300.0,2.262715362997543,164127145.0,,,,1000.0
2018-07-24T00:00:00,TCH,23.6,22.3,22.3,22.99749134336796,23.5,22.35,2264160.0,2264160.0,0.0,52070000000.0,0.0,13000.0,300660000.0,0.0,0.0,572.0,4092640.0,293.0,2666260.0,2.262715362997543,164114145.0,,,,1000.0
2018-07-25T00:00:00,TCH,24.15,23.0,23.0,23.50900736966609,24.15,23.5,1758560.0,1758560.0,0.0,41342000000.0,0.0,0.0,0.0,0.0,0.0,364.0,2215160.0,286.0,2052180.0,2.262715362997543,164114145.0,,,,1000.0
2018-07-26T00:00:00,TCH,25.7,24.45,24.5,24.979151731503563,25.5,24.15,1367020.0,1367020.0,0.0,34147000000.0,0.0,27500.0,679330000.0,0.0,0.0,558.0,2173360.0,290.0,1524340.0,2.262715362997543,164093145.0,,,,1000.0
2018-07-27T00:00:00,TCH,25.6,24.4,24.95,24.78341584158416,25.1,25.5,1098880.0,1098880.0,0.0,27234000000.0,0.0,9420.0,232950000.0,0.0,0.0,413.0,1955190.0,324.0,1422370.0,2.262715362997543,164083725.0,,,,1000.0
2018-07-30T00:00:00,TCH,26.75,23.35,25.3,25.983053407203098,25.25,25.1,2516140.0,2516140.0,0.0,65377000000.0,0.0,0.0,0.0,0.0,0.0,609.0,4621440.0,393.0,2803940.0,2.262715362997543,164083725.0,,,,1000.0
2018-07-31T00:00:00,TCH,26.7,24.8,25.1,25.868963395878193,26.6,25.25,1365420.0,1365420.0,0.0,35322000000.0,0.0,9670.0,248410000.0,0.0,0.0,641.0,3176770.0,315.0,1585290.0,2.262715362997543,164074055.0,,,,1000.0
2018-08-01T00:00:00,TCH,27.0,25.95,26.75,26.366035495150754,26.9,26.6,1515700.0,1515700.0,0.0,39963000000.0,0.0,12770.0,336070000.0,0.0,0.0,471.0,2255890.0,318.0,1934930.0,2.262715362997543,164061285.0,,,,1000.0
2018-08-02T00:00:00,TCH,27.5,26.65,26.8,26.935347135463143,27.2,26.9,896480.0,896480.0,0.0,24147000000.0,0.0,21890.0,593820000.0,0.0,0.0,288.0,1172560.0,181.0,1233850.0,2.262715362997543,164039395.0,,,,1000.0
2018-08-03T00:00:00,TCH,28.0,26.8,27.0,27.469624933967246,28.0,27.2,1135800.0,1135800.0,0.0,31200000000.0,0.0,0.0,0.0,6410.0,176800000.0,299.0,1883220.0,223.0,1547150.0,2.262715362997543,164039395.0,,,,1000.0
2018-08-06T00:00:00,TCH,28.3,27.4,28.3,28.059956758849914,27.9,28.0,619780.0,619780.0,0.0,17391000000.0,0.0,0.0,0.0,0.0,0.0,162.0,780600.0,223.0,972640.0,2.262715362997543,164039395.0,,,,1000.0
2018-08-07T00:00:00,TCH,28.05,27.4,27.45,27.714101044920824,28.05,27.9,928300.0,928300.0,0.0,25727000000.0,0.0,0.0,0.0,3180.0,88720000.0,365.0,1245690.0,278.0,1147230.0,2.262715362997543,164039395.0,,,,1000.0
2018-08-08T00:00:00,TCH,28.45,28.1,28.1,28.28649760109664,28.35,28.05,729500.0,729500.0,0.0,20635000000.0,0.0,1360.0,38560000.0,6360.0,180000000.0,268.0,970610.0,290.0,1104440.0,2.262715362997543,164044445.0,,,,1000.0
2018-08-09T00:00:00,TCH,28.7,28.1,28.2,28.335647505322594,28.45,28.35,1080300.0,1080300.0,0.0,30611000000.0,0.0,0.0,0.0,101250.0,2861370000.0,270.0,1501480.0,215.0,1586860.0,2.262715362997543,164044445.0,,,,1000.0
2018-08-10T00:00:00,TCH,28.9,28.4,28.45,28.66649649941657,28.8,28.45,1096960.0,1096960.0,0.0,31446000000.0,0.0,0.0,0.0,26990.0,769010000.0,439.0,1218090.0,298.0,1379620.0,2.262715362997543,164047625.0,,,,1000.0
2018-08-13T00:00:00,TCH,28.95,28.6,28.85,28.752775721687637,28.9,28.8,1080800.0,1080800.0,0.0,31076000000.0,0.0,0.0,0.0,23640.0,682850000.0,386.0,1201430.0,304.0,1370250.0,2.262715362997543,164053985.0,,,,1000.0
2018-08-14T00:00:00,TCH,29.15,28.7,28.8,29.04210368462373,29.1,28.9,1133630.0,1133630.0,0.0,32923000000.0,0.0,0.0,0.0,13360.0,388330000.0,305.0,1509030.0,257.0,1391290.0,2.262715362997543,164155235.0,,,,1000.0
2018-08-15T00:00:00,TCH,29.4,28.2,29.15,29.191847951651933,28.2,29.1,1644740.0,1644740.0,0.0,48013000000.0,0.0,81600.0,2381770000.0,8230.0,240630000.0,530.0,1830260.0,413.0,1971470.0,2.262715362997543,164100625.0,,,,1000.0
2018-08-16T00:00:00,TCH,28.05,26.85,28.0,27.25659920367151,27.45,28.2,2237770.0,2237770.0,0.0,60994000000.0,0.0,0.0,0.0,73800.0,2002350000.0,358.0,2607760.0,345.0,2519710.0,2.262715362997543,164124265.0,,,,1000.0
2018-08-17T00:00:00,TCH,28.5,27.55,27.55,27.950842057350933,28.5,27.45,1647750.0,1647750.0,0.0,46056000000.0,0.0,0.0,0.0,15900.0,445270000.0,412.0,2211700.0,260.0,1742950.0,2.262715362997543,164137625.0,,,,1000.0
2018-08-20T00:00:00,TCH,28.65,28.05,28.4,28.272194250092635,28.4,28.5,1376370.0,1376370.0,0.0,38913000000.0,0.0,0.0,0.0,16020.0,451370000.0,229.0,1565080.0,314.0,1759040.0,2.262715362997543,164145855.0,,,,1000.0
2018-08-21T00:00:00,TCH,29.0,28.3,28.35,28.544354697716702,28.6,28.4,1429950.0,1429950.0,0.0,40817000000.0,0.0,0.0,0.0,9460.0,270250000.0,267.0,1658550.0,219.0,1592970.0,2.262715362997543,164219655.0,,,,1000.0
2018-08-22T00:00:00,TCH,30.0,28.55,28.65,29.154664878596996,29.2,28.6,2117740.0,2117740.0,0.0,61742000000.0,0.0,0.0,0.0,3180.0,92890000.0,483.0,2494140.0,317.0,2320580.0,2.262715362997543,164235555.0,,,,1000.0
2018-08-23T00:00:00,TCH,29.6,29.05,29.3,29.33779519422608,29.45,29.2,2516140.0,2516140.0,0.0,73818000000.0,0.0,0.0,0.0,0.0,0.0,468.0,2918300.0,360.0,2769480.0,2.262715362997543,0.0,,,,1000.0
2018-08-24T00:00:00,TCH,29.55,28.85,29.4,29.205694059317377,28.85,29.45,1565140.0,1565140.0,0.0,45711000000.0,0.0,0.0,0.0,0.0,0.0,272.0,1756220.0,246.0,2041280.0,2.262715362997543,0.0,,,,1000.0
2018-08-27T00:00:00,TCH,28.95,28.05,28.75,28.45482335886042,28.4,28.85,1269240.0,1269240.0,0.0,36116000000.0,0.0,10720.0,304020000.0,0.0,0.0,249.0,1556550.0,190.0,1657740.0,2.262715362997543,164214895.0,,,,1000.0
2018-08-28T00:00:00,TCH,28.7,27.0,28.0,27.90423915572772,28.6,28.4,1461140.0,1461140.0,0.0,40772000000.0,0.0,0.0,0.0,3180.0,89290000.0,328.0,2538950.0,214.0,1757460.0,2.262715362997543,164222525.0,,,,1000.0
2018-08-29T00:00:00,TCH,29.15,28.65,28.65,28.912304175726153,29.15,28.6,1076220.0,1076220.0,0.0,31116000000.0,0.0,0.0,0.0,0.0,0.0,244.0,1563960.0,178.0,1376450.0,2.262715362997543,164225655.0,,,,1000.0
2018-08-30T00:00:00,TCH,29.45,28.2,29.2,28.584741974345178,28.3,29.15,1319830.0,1319830.0,0.0,37727000000.0,0.0,9240.0,261980000.0,0.0,0.0,351.0,1566830.0,274.0,1792820.0,2.262715362997543,164216415.0,,,,1000.0
2018-08-31T00:00:00,TCH,28.65,27.0,28.4,27.85351902346016,27.1,28.3,1499990.0,1499990.0,0.0,41780000000.0,0.0,0.0,0.0,3180.0,87470000.0,409.0,2009670.0,265.0,2085630.0,2.262715362997543,164219595.0,,,,1000.0
2018-09-04T00:00:00,TCH,27.4,26.7,27.2,26.89129245913593,27.35,27.1,658280.0,658280.0,0.0,17702000000.0,0.0,0.0,0.0,3130.0,84230000.0,240.0,829440.0,210.0,981370.0,2.262715362997543,164219595.0,,,,1000.0
2018-09-05T00:00:00,TCH,28.8,27.1,27.3,27.242844544215504,28.4,27.35,623650.0,623650.0,0.0,16990000000.0,0.0,0.0,0.0,3180.0,86920000.0,255.0,754150.0,195.0,794730.0,2.262715362997543,164219595.0,,,,1000.0
2018-09-06T00:00:00,TCH,27.8,26.65,27.4,26.902343124521856,26.65,28.4,562070.0,562070.0,0.0,15121000000.0,0.0,0.0,0.0,0.0,0.0,261.0,680060.0,200.0,743700.0,2.262715362997543,0.0,,,,1000.0
2018-09-07T00:00:00,TCH,26.85,24.8,26.3,25.813367435212697,25.6,26.65,531740.0,531740.0,0.0,13726000000.0,0.0,0.0,0.0,3550.0,91450000.0,360.0,564500.0,272.0,1040100.0,2.262715362997543,164225905.0,,,,1000.0
2018-09-10T00:00:00,TCH,25.25,23.85,25.1,24.969612498581917,24.8,25.6,617030.0,617030.0,0.0,15407000000.0,0.0,0.0,0.0,69100.0,1672020000.0,306.0,653120.0,238.0,896370.0,2.262715362997543,164229085.0,,,,1000.0
2018-09-11T00:00:00,TCH,26.5,23.3,24.45,24.25764532409461,26.5,24.8,834170.0,834170.0,0.0,20235000000.0,0.0,20260.0,498610000.0,0.0,0.0,571.0,1083390.0,338.0,865410.0,2.262715362997543,164316415.0,,,,1000.0
2018-09-12T00:00:00,TCH,26.5,24.75,26.35,25.517344330204697,25.6,26.5,535910.0,535910.0,0.0,13675000000.0,0.0,25860.0,662320000.0,62450.0,1572400000.0,531.0,605140.0,351.0,662420.0,2.262715362997543,164294105.0,,,,1000.0
2018-09-13T00:00:00,TCH,25.7,24.6,25.7,24.908465201062274,25.2,25.6,636370.0,636370.0,0.0,15851000000.0,0.0,0.0,0.0,3140.0,78080000.0,454.0,683790.0,337.0,704000.0,2.262715362997543,164363205.0,,,,1000.0
2018-09-14T00:00:00,TCH,25.2,24.2,25.15,24.77219989812666,24.9,25.2,530070.0,530070.0,0.0,13131000000.0,0.0,0.0,0.0,3180.0,78080000.0,451.0,666980.0,368.0,588560.0,2.262715362997543,164363205.0,,,,1000.0
2018-09-17T00:00:00,TCH,24.9,23.9,23.9,24.381941669996007,24.55,24.9,625750.0,625750.0,0.0,15257000000.0,0.0,0.0,0.0,0.0,0.0,363.0,690840.0,309.0,673180.0,2.262715362997543,0.0,,,,1000.0
2018-09-18T00:00:00,TCH,24.3,23.8,24.05,23.991408676142658,24.2,24.55,730970.0,730970.0,0.0,17537000000.0,0.0,9340.0,225260000.0,10890.0,261530000.0,378.0,798390.0,255.0,779500.0,2.262715362997543,164397843.0,,,,1000.0
2018-09-19T00:00:00,TCH,24.6,23.0,24.15,24.293976265585098,24.45,24.2,266280.0,266280.0,0.0,6469000000.0,0.0,0.0,0.0,26780.0,641020000.0,349.0,369310.0,232.0,338740.0,2.262715362997543,164401023.0,,,,1000.0
2018-09-20T00:00:00,TCH,24.65,24.2,24.45,24.286902621622346,24.4,24.45,372670.0,372670.0,0.0,9051000000.0,0.0,0.0,0.0,0.0,0.0,221.0,418800.0,204.0,453170.0,2.262715362997543,0.0,,,,1000.0
2018-09-21T00:00:00,TCH,24.4,22.7,24.4,23.105941337467,22.7,24.4,1651480.0,1651480.0,0.0,38159000000.0,0.0,326180.0,7404290000.0,600100.0,13622270000.0,555.0,1789430.0,449.0,2479340.0,2.262715362997543,164086013.0,,,,1000.0
2018-09-24T00:00:00,TCH,23.9,22.85,22.85,23.491927767259106,23.85,22.7,491190.0,491190.0,0.0,11539000000.0,0.0,22990.0,547320000.0,2400.0,57140000.0,463.0,719450.0,330.0,586470.0,2.262715362997543,164089803.0,,,,1000.0
2018-09-25T00:00:00,TCH,24.4,23.65,24.05,23.945025164537363,24.4,23.85,309960.0,309960.0,0.0,7422000000.0,0.0,85530.0,2058360000.0,0.0,0.0,517.0,385620.0,261.0,784500.0,2.262715362997543,164007323.0,,,,1000.0
2018-09-26T00:00:00,TCH,24.4,23.9,24.0,24.13954830795873,24.4,24.4,554360.0,554360.0,0.0,13382000000.0,0.0,0.0,0.0,0.0,0.0,775.0,620970.0,458.0,1139300.0,2.262715362997543,0.0,,,,1000.0
2018-09-27T00:00:00,TCH,24.35,23.95,24.35,24.134972833857592,24.15,24.4,524550.0,524550.0,0.0,12660000000.0,0.0,0.0,0.0,0.0,0.0,742.0,603100.0,493.0,1124190.0,2.262715362997543,0.0,,,,1000.0
2018-09-28T00:00:00,TCH,24.2,23.6,24.15,23.937015574952934,24.05,24.15,408990.0,408990.0,0.0,9790000000.0,0.0,17920.0,430620000.0,14940.0,354220000.0,882.0,664080.0,293.0,1498540.0,2.262715362997543,164451263.0,,,,1000.0
2018-10-01T00:00:00,TCH,24.05,23.5,23.75,23.698524542108633,23.5,24.05,921070.0,921070.0,0.0,21828000000.0,0.0,0.0,0.0,0.0,0.0,866.0,1219550.0,378.0,1413520.0,2.262715362997543,0.0,,,,1000.0
2018-10-02T00:00:00,TCH,23.7,22.9,23.7,23.415774214543518,23.0,23.5,676040.0,676040.0,0.0,15830000000.0,0.0,0.0,0.0,2400.0,55510000.0,672.0,792030.0,354.0,1215960.0,2.262715362997543,164453627.0,,,,1000.0
2018-10-03T00:00:00,TCH,23.8,22.7,22.7,23.242357143730963,23.5,23.0,817430.0,817430.0,0.0,18999000000.0,0.0,13720.0,320480000.0,4400.0,103660000.0,786.0,1759850.0,411.0,1335810.0,2.262715362997543,164454847.0,,,,1000.0
2018-10-04T00:00:00,TCH,23.6,23.0,23.6,23.139879270195113,23.55,23.5,884620.0,884620.0,0.0,20470000000.0,0.0,9600.0,223550000.0,17920.0,414250000.0,917.0,1163910.0,320.0,1376090.0,2.262715362997543,164474737.0,,,,1000.0
2018-10-05T00:00:00,TCH,23.4,23.0,23.25,23.230990971391275,23.3,23.55,735440.0,735440.0,0.0,17085000000.0,0.0,0.0,0.0,9970.0,231020000.0,717.0,909910.0,271.0,1293900.0,2.262715362997543,164477137.0,,,,1000.0
2018-10-08T00:00:00,TCH,24.4,23.0,23.0,23.552548867003924,24.25,23.3,5011050.0,5011050.0,0.0,118023000000.0,0.0,0.0,0.0,0.0,0.0,2038.0,7415320.0,924.0,5688140.0,2.262715362997543,0.0,,,,1000.0
2018-10-09T00:00:00,TCH,24.5,23.4,23.45,23.766186456773326,24.5,24.25,3211790.0,3211790.0,0.0,76332000000.0,0.0,19730.0,471400000.0,0.0,0.0,1627.0,7961750.0,829.0,3879750.0,2.262715362997543,161879727.0,,,,1000.0
2018-10-10T00:00:00,TCH,24.1,23.4,23.5,23.62615113317223,24.0,24.5,2296650.0,2296650.0,0.0,54261000000.0,0.0,0.0,0.0,0.0,0.0,1893.0,4952280.0,402.0,3096370.0,2.262715362997543,0.0,,,,1000.0
2018-10-11T00:00:00,TCH,22.8,22.35,22.4,22.46213543622481,22.35,24.0,639120.0,639120.0,0.0,14356000000.0,0.0,0.0,0.0,0.0,0.0,783.0,678750.0,474.0,1901120.0,2.262715362997543,0.0,,,,1000.0
2018-10-12T00:00:00,TCH,23.0,20.8,21.0,21.465560201937034,23.0,22.35,2769180.0,2769180.0,0.0,59442000000.0,0.0,14730.0,307120000.0,30230.0,638100000.0,1222.0,5067200.0,591.0,3173640.0,2.262715362997543,161854757.0,,,,1000.0
2018-10-15T00:00:00,TCH,22.65,21.5,22.5,21.88657502675117,21.85,23.0,1214900.0,1214900.0,0.0,26590000000.0,0.0,0.0,0.0,96760.0,2119570000.0,1288.0,2544530.0,491.0,2049900.0,2.262715362997543,161952637.0,,,,1000.0
2018-10-16T00:00:00,TCH,21.9,21.3,21.55,21.663682325679375,21.75,21.85,379760.0,379760.0,0.0,8227000000.0,0.0,13170.0,286450000.0,0.0,0.0,557.0,1073160.0,323.0,704150.0,2.262715362997543,161963187.0,,,,1000.0
2018-10-17T00:00:00,TCH,22.1,20.3,21.9,21.851252462707574,21.8,21.75,568480.0,568480.0,0.0,12422000000.0,0.0,0.0,0.0,0.0,0.0,531.0,1102870.0,312.0,894100.0,2.262715362997543,0.0,,,,1000.0
2018-10-18T00:00:00,TCH,22.0,21.3,21.4,21.688117755813128,21.85,21.8,562520.0,562520.0,0.0,12200000000.0,0.0,0.0,0.0,0.0,0.0,600.0,1557310.0,309.0,875220.0,2.262715362997543,162090177.0,,,,1000.0
2018-10-19T00:00:00,TCH,21.9,20.35,21.4,21.262349606505627,21.6,21.85,1831030.0,1831030.0,0.0,38932000000.0,0.0,0.0,0.0,59130.0,1265360000.0,916.0,3963340.0,552.0,2348090.0,2.262715362997543,162090177.0,,,,1000.0
2018-10-22T00:00:00,TCH,21.8,21.0,21.65,21.45747697798171,21.4,21.6,313830.0,313830.0,0.0,6734000000.0,0.0,0.0,0.0,0.0,0.0,433.0,838870.0,237.0,714620.0,2.262715362997543,162092677.0,,,,1000.0
2018-10-23T00:00:00,TCH,21.35,19.95,21.2,20.296911744900388,20.65,21.4,965270.0,965270.0,0.0,19592000000.0,0.0,16030.0,331020000.0,0.0,0.0,1083.0,1389050.0,568.0,1452210.0,2.262715362997543,162076647.0,,,,1000.0
2018-10-24T00:00:00,TCH,20.65,19.8,20.4,20.318801613212983,20.2,20.65,833120.0,833120.0,0.0,16928000000.0,0.0,0.0,0.0,0.0,0.0,727.0,1938100.0,365.0,1683250.0,2.262715362997543,0.0,,,,1000.0
2018-10-25T00:00:00,TCH,20.8,18.8,18.95,19.98985049901713,20.7,20.2,1714370.0,1714370.0,0.0,34270000000.0,0.0,0.0,0.0,21530.0,445670000.0,1224.0,7551110.0,587.0,2142140.0,2.262715362997543,162135777.0,,,,1000.0
2018-10-26T00:00:00,TCH,20.85,20.1,20.5,20.51855581969997,20.65,20.7,1707820.0,1707820.0,0.0,35042000000.0,0.0,0.0,0.0,0.0,0.0,930.0,3688450.0,419.0,2463680.0,2.262715362997543,0.0,,,,1000.0
2018-10-29T00:00:00,TCH,20.65,20.0,20.3,20.282717738258093,20.2,20.65,548250.0,548250.0,0.0,11120000000.0,0.0,0.0,0.0,47490.0,957090000.0,490.0,1062620.0,287.0,981680.0,2.262715362997543,162153617.0,,,,1000.0
2018-10-30T00:00:00,TCH,20.45,19.9,20.0,20.1833684512616,20.15,20.2,1324110.0,1324110.0,0.0,26725000000.0,0.0,0.0,0.0,21670.0,435890000.0,928.0,4728520.0,356.0,1876830.0,2.262715362997543,162175147.0,,,,1000.0
2018-10-31T00:00:00,TCH,20.3,19.8,19.9,19.971409602306373,20.3,20.15,1671890.0,1671890.0,0.0,33390000000.0,0.0,0.0,0.0,0.0,0.0,739.0,3236380.0,393.0,2185770.0,2.262715362997543,0.0,,,,1000.0
2018-11-01T00:00:00,TCH,20.35,19.75,20.0,20.07258933809985,20.0,20.3,732890.0,732890.0,0.0,14711000000.0,0.0,0.0,0.0,21820.0,434800000.0,650.0,1132340.0,285.0,1230170.0,2.262715362997543,162224887.0,,,,1000.0
2018-11-02T00:00:00,TCH,20.2,19.0,19.95,19.921958141184817,20.05,20.0,845700.0,845700.0,0.0,16848000000.0,0.0,0.0,0.0,95570.0,1890280000.0,690.0,1343880.0,379.0,1384830.0,2.262715362997543,162246557.0,,,,1000.0
2018-11-05T00:00:00,TCH,20.0,19.65,20.0,19.84071626951416,19.95,20.05,788530.0,788530.0,0.0,15645000000.0,0.0,0.0,0.0,0.0,0.0,420.0,1020000.0,313.0,1097580.0,2.262715362997543,0.0,,,,1000.0
2018-11-06T00:00:00,TCH,20.0,19.55,19.95,19.831246499358592,19.95,19.95,553470.0,553470.0,0.0,10976000000.0,0.0,0.0,0.0,0.0,0.0,330.0,994280.0,304.0,1076490.0,2.262715362997543,162299557.0,,,,1000.0
2018-11-07T00:00:00,TCH,20.0,19.6,19.6,19.783117159260048,20.0,19.95,705450.0,705450.0,0.0,13956000000.0,0.0,0.0,0.0,0.0,0.0,366.0,1426410.0,332.0,1146570.0,2.262715362997543,162395127.0,,,,1000.0
2018-11-08T00:00:00,TCH,21.15,20.1,20.1,20.79537897650825,21.15,20.0,1293220.0,1293220.0,0.0,26893000000.0,0.0,0.0,0.0,0.0,0.0,884.0,2264880.0,441.0,1896240.0,2.262715362997543,0.0,,,,1000.0
2018-11-09T00:00:00,TCH,21.2,20.65,20.65,20.874380187028976,20.8,21.15,760310.0,760310.0,0.0,15871000000.0,0.0,0.0,0.0,5000.0,105000000.0,756.0,1093850.0,268.0,1371240.0,2.262715362997543,162439337.0,,,,1000.0
2018-11-12T00:00:00,TCH,20.7,20.1,20.3,20.378041019571942,20.45,20.8,895670.0,895670.0,0.0,18252000000.0,0.0,0.0,0.0,0.0,0.0,605.0,1327560.0,254.0,1253470.0,2.262715362997543,162439337.0,,,,1000.0
2018-11-13T00:00:00,TCH,20.1,19.4,19.8,19.74090177563196,20.1,20.45,1124670.0,1124670.0,0.0,22202000000.0,0.0,0.0,0.0,226720.0,4476990000.0,1007.0,2110700.0,474.0,1528010.0,2.262715362997543,162439337.0,,,,1000.0
2018-11-14T00:00:00,TCH,20.15,19.5,19.85,19.899947647024604,20.15,20.1,859550.0,859550.0,0.0,17105000000.0,0.0,0.0,0.0,0.0,0.0,784.0,1869590.0,485.0,1198300.0,2.262715362997543,0.0,,,,1000.0
2018-11-15T00:00:00,TCH,20.4,19.85,20.0,20.149392774267856,20.3,20.15,590390.0,590390.0,0.0,11896000000.0,0.0,0.0,0.0,1300.0,26390000.0,330.0,879460.0,286.0,887720.0,2.262715362997543,162415197.0,,,,1000.0
2018-11-16T00:00:00,TCH,20.35,20.05,20.15,20.2319587628866,20.3,20.3,419040.0,419040.0,0.0,8478000000.0,0.0,0.0,0.0,57830.0,1165590000.0,335.0,598140.0,226.0,847170.0,2.262715362997543,162641917.0,,,,1000.0
2018-11-19T00:00:00,TCH,20.65,20.35,20.35,20.465597982708932,20.55,20.3,666240.0,666240.0,0.0,13635000000.0,0.0,0.0,0.0,2680.0,55070000.0,515.0,975190.0,308.0,993240.0,2.262715362997543,162709417.0,,,,1000.0
2018-11-20T00:00:00,TCH,21.35,20.4,20.4,20.96588303818175,21.2,20.55,806930.0,806930.0,0.0,16918000000.0,0.0,0.0,0.0,46620.0,987460000.0,700.0,1402710.0,444.0,1112480.0,2.262715362997543,162710717.0,,,,1000.0
2018-11-21T00:00:00,TCH,22.0,20.9,21.0,21.64116430078453,21.75,21.2,488190.0,488190.0,0.0,10565000000.0,0.0,32500.0,700600000.0,46520.0,1010500000.0,636.0,860620.0,314.0,795150.0,2.262715362997543,162736047.0,,,,1000.0
2018-11-22T00:00:00,TCH,21.9,21.5,21.8,21.684220791886094,21.65,21.75,410160.0,410160.0,0.0,8894000000.0,0.0,0.0,0.0,5480.0,118660000.0,487.0,570990.0,332.0,775620.0,2.262715362997543,162738727.0,,,,1000.0
2018-11-23T00:00:00,TCH,21.55,20.7,21.4,21.220058459552824,21.05,21.65,1053720.0,1053720.0,0.0,22360000000.0,0.0,0.0,0.0,0.0,0.0,945.0,1604900.0,606.0,1569770.0,2.262715362997543,0.0,,,,1000.0
2018-11-26T00:00:00,TCH,21.1,20.5,21.0,20.8068984005004,20.7,21.05,447640.0,447640.0,0.0,9314000000.0,0.0,0.0,0.0,0.0,0.0,410.0,732780.0,303.0,840860.0,2.262715362997543,162828867.0,,,,1000.0
2018-11-27T00:00:00,TCH,20.9,20.3,20.75,20.63052412317739,20.85,20.7,888150.0,888150.0,0.0,18323000000.0,0.0,0.0,0.0,0.0,0.0,556.0,1467580.0,321.0,1249180.0,2.262715362997543,0.0,,,,1000.0
2018-11-28T00:00:00,TCH,20.9,20.45,20.6,20.68102401427474,20.7,20.85,807020.0,807020.0,0.0,16690000000.0,0.0,0.0,0.0,24700.0,512650000.0,423.0,1318250.0,297.0,1151410.0,2.262715362997543,162832347.0,,,,1000.0
2018-11-29T00:00:00,TCH,20.9,20.3,20.65,20.611977269415707,20.3,20.7,343150.0,343150.0,0.0,7073000000.0,0.0,0.0,0.0,2500.0,51730000.0,297.0,518530.0,254.0,634040.0,2.262715362997543,162832447.0,,,,1000.0
2018-11-30T00:00:00,TCH,20.6,20.1,20.35,20.349258337794854,20.5,20.3,635060.0,635060.0,0.0,12923000000.0,0.0,0.0,0.0,0.0,0.0,571.0,2089040.0,287.0,990490.0,2.262715362997543,0.0,,,,1000.0
2018-12-03T00:00:00,TCH,20.85,20.5,20.6,20.700502291599722,20.7,20.5,591290.0,591290.0,0.0,12240000000.0,0.0,24160.0,498911000.0,5010.0,103776000.0,503.0,729770.0,305.0,872930.0,2.262715362997543,0.0,,,,1000.0
2018-12-04T00:00:00,TCH,20.9,20.6,20.65,20.673129527102436,20.6,20.7,456970.0,456970.0,0.0,9447000000.0,0.0,6000.0,123700000.0,2500.0,51750000.0,312.0,579920.0,218.0,726810.0,2.262715362997543,162819907.0,,,,1000.0
2018-12-05T00:00:00,TCH,20.85,20.25,20.35,20.603647034164744,20.85,20.6,1574430.0,1574430.0,0.0,32439000000.0,0.0,5000.0,101800000.0,0.0,0.0,1242.0,3740390.0,778.0,1872690.0,2.262715362997543,162886387.0,,,,1000.0
2018-12-06T00:00:00,TCH,20.95,20.5,20.9,20.704839391685987,20.7,20.85,685830.0,685830.0,0.0,14200000000.0,0.0,0.0,0.0,0.0,0.0,409.0,964040.0,393.0,992410.0,2.262715362997543,0.0,,,,1000.0
2018-12-07T00:00:00,TCH,20.8,20.6,20.75,20.721151928522996,20.7,20.7,752130.0,752130.0,0.0,15585000000.0,0.0,4440.0,92090000.0,500.0,10380000.0,415.0,1031880.0,298.0,1037240.0,2.262715362997543,162887457.0,,,,1000.0
2018-12-10T00:00:00,TCH,20.75,20.3,20.75,20.460276540895244,20.3,20.7,1066750.0,1066750.0,0.0,21826000000.0,0.0,0.0,0.0,2620.0,53560000.0,593.0,1372470.0,329.0,1407780.0,2.262715362997543,0.0,,,,1000.0
2018-12-11T00:00:00,TCH,20.55,19.8,20.35,20.161320368093588,20.0,20.3,536820.0,536820.0,0.0,10823000000.0,0.0,0.0,0.0,0.0,0.0,564.0,738610.0,336.0,830470.0,2.262715362997543,0.0,,,,1000.0
2018-12-12T00:00:00,TCH,20.15,19.8,19.8,20.02224694104561,20.1,20.0,620310.0,620310.0,0.0,12420000000.0,0.0,0.0,0.0,0.0,0.0,707.0,810120.0,286.0,844200.0,2.262715362997543,0.0,,,,1000.0
2018-12-13T00:00:00,TCH,20.2,19.8,20.0,19.990551393669435,20.0,20.1,444510.0,444510.0,0.0,8886000000.0,0.0,0.0,0.0,2620.0,52400000.0,525.0,858090.0,253.0,681610.0,2.262715362997543,0.0,,,,1000.0
2018-12-14T00:00:00,TCH,20.4,19.75,19.8,20.06763382193951,20.3,20.0,1590920.0,1590920.0,0.0,31926000000.0,0.0,0.0,0.0,0.0,0.0,1221.0,3247110.0,879.0,1820810.0,2.262715362997543,0.0,,,,1000.0
2018-12-17T00:00:00,TCH,20.55,19.9,20.4,20.22547115334138,20.15,20.3,761960.0,761960.0,0.0,15411000000.0,0.0,0.0,0.0,7270.0,147060000.0,814.0,1112370.0,430.0,1059180.0,2.262715362997543,162890577.0,,,,1000.0
2018-12-18T00:00:00,TCH,19.95,19.0,19.75,19.535411063650265,19.8,20.15,379260.0,379260.0,0.0,7409000000.0,0.0,0.0,0.0,40860.0,802160000.0,838.0,555750.0,374.0,817990.0,2.262715362997543,0.0,,,,1000.0
2018-12-19T00:00:00,TCH,19.9,19.05,19.85,19.405438136155244,19.8,19.8,1387240.0,1387240.0,0.0,26920000000.0,0.0,0.0,0.0,0.0,0.0,994.0,3045200.0,475.0,1756660.0,2.262715362997543,0.0,,,,1000.0
2018-12-20T00:00:00,TCH,19.95,19.35,19.8,19.652802210532638,19.95,19.8,1165330.0,1165330.0,0.0,22902000000.0,0.0,0.0,0.0,10180.0,198500000.0,480.0,1873890.0,325.0,1374930.0,2.262715362997543,162907537.0,,,,1000.0
2018-12-21T00:00:00,TCH,19.85,19.45,19.85,19.652375072291605,19.7,19.95,639770.0,639770.0,0.0,12573000000.0,0.0,0.0,0.0,0.0,0.0,631.0,1002790.0,294.0,935090.0,2.262715362997543,0.0,,,,1000.0
2018-12-24T00:00:00,TCH,19.85,19.0,19.8,19.20499898039444,19.0,19.7,686540.0,686540.0,0.0,13185000000.0,0.0,0.0,0.0,8100.0,157510000.0,264.0,758820.0,311.0,885000.0,2.262715362997543,162974417.0,,,,1000.0
2018-12-25T00:00:00,TCH,18.5,17.7,18.45,17.986528788997926,17.7,19.0,1137240.0,1137240.0,0.0,20455000000.0,0.0,0.0,0.0,10450.0,186050000.0,960.0,2384430.0,490.0,1946960.0,2.262715362997543,162984597.0,,,,1000.0
2018-12-26T00:00:00,TCH,18.0,17.3,17.45,17.6210449915182,17.75,17.7,1184890.0,1184890.0,0.0,20879000000.0,0.0,0.0,0.0,7990.0,140110000.0,995.0,2524750.0,640.0,1576730.0,2.262715362997543,163039827.0,,,,1000.0
2018-12-27T00:00:00,TCH,18.2,17.35,17.9,17.779258432227046,17.75,17.75,1110620.0,1110620.0,0.0,19746000000.0,0.0,0.0,0.0,8160.0,144690000.0,664.0,2475890.0,445.0,1675970.0,2.262715362997543,0.0,,,,1000.0
2018-12-28T00:00:00,TCH,17.8,16.6,17.75,17.6665022200296,17.75,17.75,202700.0,202700.0,0.0,3581000000.0,0.0,40900.0,720500000.0,7910.0,139840000.0,222.0,545920.0,224.0,612450.0,2.262715362997543,163017477.0,,,,1000.0
2019-01-02T00:00:00,TCH,17.9,17.0,17.75,17.315778730353134,17.15,17.75,489900.0,489900.0,0.0,8483000000.0,0.0,0.0,0.0,2800.0,48640000.0,274.0,1248830.0,303.0,1067800.0,2.262715362997543,163025467.0,,,,1000.0
2019-01-03T00:00:00,TCH,17.3,15.95,16.6,16.626185066207004,17.2,17.15,1659190.0,1659190.0,0.0,27586000000.0,0.0,8000.0,130230000.0,0.0,0.0,1997.0,5472150.0,583.0,2339390.0,2.262715362997543,163025627.0,,,,1000.0
2019-01-04T00:00:00,TCH,17.0,16.55,16.7,16.793196839786138,17.0,17.2,712610.0,712610.0,0.0,11967000000.0,0.0,0.0,0.0,0.0,0.0,461.0,1033920.0,279.0,1150920.0,2.262715362997543,163033537.0,,,,1000.0
2019-01-07T00:00:00,TCH,17.2,16.75,17.15,17.034700315457414,16.95,17.0,374060.0,374060.0,0.0,6372000000.0,0.0,0.0,0.0,6860.0,115829500.0,223.0,427790.0,196.0,688850.0,2.262715362997543,163040397.0,,,,1000.0
2019-01-08T00:00:00,TCH,16.85,16.5,16.85,16.795551480846655,16.8,16.95,501740.0,501740.0,0.0,8427000000.0,0.0,0.0,0.0,16530.0,274160000.0,298.0,610230.0,261.0,770740.0,2.262715362997543,163036337.0,,,,1000.0
2019-01-09T00:00:00,TCH,16.9,16.6,16.85,16.74449633088726,16.7,16.8,614590.0,614590.0,0.0,10291000000.0,0.0,0.0,0.0,2970.0,49600000.0,412.0,775530.0,267.0,928670.0,2.262715362997543,163036337.0,,,,1000.0
2019-01-10T00:00:00,TCH,16.8,16.6,16.7,16.68360903182084,16.75,16.7,324630.0,324630.0,0.0,5416000000.0,0.0,0.0,0.0,0.0,0.0,324.0,798630.0,167.0,544650.0,2.262715362997543,0.0,,,,1000.0
2019-01-11T00:00:00,TCH,17.05,16.6,16.75,16.90868126300357,17.0,16.75,927630.0,927630.0,0.0,15685000000.0,0.0,0.0,0.0,0.0,0.0,648.0,1835960.0,283.0,1085310.0,2.262715362997543,0.0,,,,1000.0
2019-01-14T00:00:00,TCH,17.15,16.7,17.05,16.864902028188382,16.9,17.0,436350.0,436350.0,0.0,7359000000.0,0.0,0.0,0.0,0.0,0.0,309.0,604820.0,254.0,668170.0,2.262715362997543,0.0,,,,1000.0
2019-01-15T00:00:00,TCH,17.0,16.7,16.75,16.84964200477327,16.95,16.9,251400.0,251400.0,0.0,4236000000.0,0.0,16070.0,271590000.0,3000.0,50250000.0,409.0,555290.0,198.0,578490.0,2.262715362997543,163046627.0,,,,1000.0
2019-01-16T00:00:00,TCH,17.0,16.8,16.95,16.891284815813115,16.95,16.95,311640.0,311640.0,0.0,5264000000.0,0.0,27290.0,461389500.0,0.0,0.0,308.0,510730.0,139.0,527010.0,2.262715362997543,163019337.0,,,,1000.0
2019-01-17T00:00:00,TCH,17.05,16.75,17.0,16.867548801257698,16.85,16.95,457980.0,457980.0,0.0,7725000000.0,0.0,0.0,0.0,2680.0,45140000.0,314.0,901360.0,331.0,735080.0,2.262715362997543,163019337.0,,,,1000.0
2019-01-18T00:00:00,TCH,17.5,16.55,16.85,16.946075093698436,17.5,16.85,1630230.0,1630230.0,0.0,27626000000.0,0.0,0.0,0.0,0.0,0.0,872.0,3488950.0,565.0,2116470.0,2.262715362997543,163022337.0,,,,1000.0
2019-01-21T00:00:00,TCH,17.85,17.5,17.5,17.708381382905113,17.8,17.5,1083950.0,1083950.0,0.0,19195000000.0,0.0,400.0,7000000.0,0.0,0.0,708.0,1308960.0,455.0,1322860.0,2.262715362997543,163021937.0,,,,1000.0
2019-01-22T00:00:00,TCH,18.05,17.5,17.5,17.710105674965565,18.0,17.8,1727940.0,1727940.0,0.0,30602000000.0,0.0,0.0,0.0,0.0,0.0,1068.0,3726650.0,537.0,1989220.0,2.262715362997543,0.0,,,,1000.0
2019-01-23T00:00:00,TCH,18.1,17.7,17.95,17.93448987265872,18.05,18.0,983970.0,983970.0,0.0,17647000000.0,0.0,32390.0,579981500.0,0.0,0.0,713.0,1282100.0,405.0,1502640.0,2.262715362997543,162983577.0,,,,1000.0
2019-01-24T00:00:00,TCH,18.15,17.8,18.1,17.898941761861376,18.0,18.05,570760.0,570760.0,0.0,10216000000.0,0.0,0.0,0.0,0.0,0.0,457.0,712510.0,374.0,828320.0,2.262715362997543,162983577.0,,,,1000.0
2019-01-25T00:00:00,TCH,18.2,17.75,17.85,17.963913056782367,18.1,18.0,980410.0,980410.0,0.0,17612000000.0,0.0,17880.0,320250000.0,0.0,0.0,573.0,1773790.0,563.0,1292980.0,2.262715362997543,162965697.0,,,,1000.0
2019-01-28T00:00:00,TCH,18.35,18.05,18.15,18.202521049780884,18.35,18.1,812360.0,812360.0,0.0,14787000000.0,0.0,65600.0,1193092500.0,0.0,0.0,487.0,1078020.0,493.0,1042440.0,2.262715362997543,162900097.0,,,,1000.0
2019-01-29T00:00:00,TCH,18.75,18.3,18.45,18.505485406748086,18.65,18.35,1062820.0,1062820.0,0.0,19668000000.0,0.0,99150.0,1831880000.0,0.0,0.0,769.0,2315530.0,344.0,1382810.0,2.262715362997543,162800947.0,,,,1000.0
2019-01-30T00:00:00,TCH,18.9,18.65,18.7,18.77435655860563,18.85,18.65,700530.0,700530.0,0.0,13152000000.0,0.0,71820.0,1350070000.0,0.0,0.0,540.0,1139820.0,316.0,1018400.0,2.262715362997543,162729127.0,,,,1000.0
2019-01-31T00:00:00,TCH,18.9,18.3,18.85,18.586146628645018,18.7,18.85,434840.0,434840.0,0.0,8082000000.0,0.0,79250.0,1467870500.0,0.0,0.0,550.0,1204890.0,319.0,735670.0,2.262715362997543,162649877.0,,,,1000.0
2019-02-01T00:00:00,TCH,19.5,18.6,18.8,18.936293312190628,19.5,18.7,933340.0,933340.0,0.0,17674000000.0,0.0,71520.0,1344310000.0,0.0,0.0,613.0,3071220.0,258.0,1130970.0,2.262715362997543,162578357.0,,,,1000.0
2019-02-11T00:00:00,TCH,20.0,19.5,19.65,19.67020023557126,20.0,19.5,220740.0,220740.0,0.0,4342000000.0,0.0,0.0,0.0,0.0,0.0,300.0,267990.0,213.0,381860.0,2.262715362997543,0.0,,,,1000.0
2019-02-12T00:00:00,TCH,20.25,19.85,20.15,20.078680009166604,20.2,20.0,261820.0,261820.0,0.0,5257000000.0,0.0,53610.0,1074675500.0,0.0,0.0,463.0,419860.0,321.0,574710.0,2.262715362997543,162453267.0,,,,1000.0
2019-02-13T00:00:00,TCH,20.3,20.05,20.2,20.168220050011364,20.25,20.2,219950.0,219950.0,0.0,4436000000.0,0.0,35840.0,721822500.0,14560.0,293604500.0,405.0,348280.0,328.0,413610.0,2.262715362997543,0.0,,,,1000.0
2019-02-14T00:00:00,TCH,20.25,20.0,20.25,20.108265117507262,20.2,20.25,227220.0,227220.0,0.0,4569000000.0,0.0,87040.0,1752940000.0,500.0,10050000.0,464.0,316190.0,290.0,490110.0,2.262715362997543,162330387.0,,,,1000.0
2019-02-15T00:00:00,TCH,21.0,19.95,20.25,20.46210231995768,21.0,20.2,529320.0,529320.0,0.0,10831000000.0,0.0,22550.0,459918000.0,500.0,10100000.0,796.0,1759420.0,236.0,698610.0,2.262715362997543,0.0,,,,1000.0
2019-02-18T00:00:00,TCH,22.0,21.0,21.0,21.566869463123066,22.0,21.0,468450.0,468450.0,0.0,10103000000.0,0.0,50230.0,1081810000.0,7730.0,164890000.0,913.0,878350.0,393.0,691510.0,2.262715362997543,162272167.0,,,,1000.0
2019-02-19T00:00:00,TCH,22.5,21.85,22.15,22.150801675574172,22.5,22.0,415380.0,415380.0,0.0,9201000000.0,0.0,48930.0,1080560000.0,0.0,0.0,938.0,1297690.0,404.0,648280.0,2.262715362997543,162223737.0,,,,1000.0
2019-02-20T00:00:00,TCH,22.8,22.4,22.4,22.59286919481094,22.8,22.5,361530.0,361530.0,0.0,8168000000.0,0.0,105850.0,2388520000.0,6840.0,154240000.0,726.0,501540.0,628.0,603050.0,2.262715362997543,162118387.0,,,,1000.0
2019-02-21T00:00:00,TCH,23.5,22.8,22.9,23.31109692381858,23.5,22.8,1535020.0,1535020.0,0.0,35783000000.0,0.0,118950.0,2746010000.0,15000.0,352500000.0,730.0,1797470.0,804.0,1663530.0,2.262715362997543,162007167.0,,,,1000.0
2019-02-22T00:00:00,TCH,24.75,22.55,23.3,23.59401559317272,24.75,23.5,7118500.0,7118500.0,0.0,167954000000.0,0.0,35750.0,829620000.0,7910.0,184510000.0,1042.0,10511800.0,636.0,7888300.0,2.262715362997543,161971417.0,,,,1000.0
2019-02-25T00:00:00,TCH,25.0,24.25,24.65,24.5400259208566,24.5,24.75,2476770.0,2476770.0,0.0,60780000000.0,0.0,71480.0,1750930000.0,10170.0,248980000.0,850.0,2707760.0,759.0,2893170.0,2.262715362997543,161906777.0,,,,1000.0
2019-02-26T00:00:00,TCH,24.55,23.0,24.35,23.838794267317482,24.5,24.5,1540640.0,1540640.0,0.0,36727000000.0,0.0,71780.0,1701190000.0,11110.0,263080000.0,1186.0,1927470.0,817.0,2136690.0,2.262715362997543,161849997.0,,,,1000.0
2019-02-27T00:00:00,TCH,26.0,24.6,24.65,24.865469425478267,26.0,24.5,2986310.0,2986310.0,0.0,74256000000.0,0.0,71480.0,1779080000.0,6200.0,154580000.0,883.0,3672020.0,669.0,3225560.0,2.262715362997543,161786427.0,,,,1000.0
2019-02-28T00:00:00,TCH,26.05,24.4,26.0,25.034217773453605,24.4,26.0,1212820.0,1212820.0,0.0,30362000000.0,0.0,100720.0,2525820000.0,25780.0,629030000.0,716.0,1502730.0,491.0,2121510.0,2.262715362997543,161695877.0,,,,1000.0
2019-03-01T00:00:00,TCH,24.5,24.0,24.3,24.33546976697968,24.1,24.4,603810.0,603810.0,0.0,14694000000.0,0.0,43460.0,1053500000.0,10.0,240000.0,723.0,749820.0,406.0,913520.0,2.262715362997543,161663527.0,,,,1000.0
2019-03-04T00:00:00,TCH,24.15,22.45,24.15,22.60157036276439,22.8,24.1,2454210.0,2454210.0,0.0,55469000000.0,0.0,72280.0,1626870000.0,0.0,0.0,1586.0,3008760.0,711.0,3013080.0,2.262715362997543,161597447.0,,,,1000.0
2019-03-05T00:00:00,TCH,22.85,22.4,22.5,22.525190808073486,22.85,22.8,965630.0,965630.0,0.0,21751000000.0,0.0,36160.0,814480000.0,0.0,0.0,724.0,1570770.0,308.0,1110820.0,2.262715362997543,161587067.0,,,,1000.0
2019-03-06T00:00:00,TCH,23.15,22.9,22.95,23.028798248909656,23.05,22.85,612190.0,612190.0,0.0,14098000000.0,0.0,25240.0,579430000.0,0.0,0.0,600.0,677360.0,250.0,743480.0,2.262715362997543,161561837.0,,,,1000.0
2019-03-07T00:00:00,TCH,23.15,22.6,23.1,22.83983530317841,22.85,23.05,675180.0,675180.0,0.0,15421000000.0,0.0,53640.0,1224350000.0,13450.0,307080000.0,605.0,716530.0,505.0,865560.0,2.262715362997543,161508197.0,,,,1000.0
2019-03-08T00:00:00,TCH,22.9,22.2,22.6,22.758347575972323,22.9,22.85,479780.0,479780.0,0.0,10919000000.0,0.0,30300.0,684010000.0,0.0,0.0,324.0,532100.0,166.0,669300.0,2.262715362997543,161477897.0,,,,1000.0
2019-03-11T00:00:00,TCH,23.15,22.8,22.9,22.960675313979824,23.05,22.9,242850.0,242850.0,0.0,5576000000.0,0.0,31000.0,707650000.0,10810.0,248100000.0,311.0,305220.0,293.0,364820.0,2.262715362997543,161446897.0,,,,1000.0
2019-03-12T00:00:00,TCH,23.15,23.0,23.1,23.087497422503265,23.15,23.05,145490.0,145490.0,0.0,3359000000.0,0.0,6000.0,138400000.0,7080.0,163440000.0,241.0,185820.0,243.0,306750.0,2.262715362997543,161454347.0,,,,1000.0
2019-03-13T00:00:00,TCH,23.35,23.2,23.2,23.231699126930828,23.2,23.15,372250.0,372250.0,0.0,8648000000.0,0.0,22580.0,524290000.0,11760.0,273400000.0,601.0,427340.0,280.0,501280.0,2.262715362997543,161431767.0,,,,1000.0
2019-03-14T00:00:00,TCH,23.5,23.15,23.2,23.336987895196113,23.5,23.2,446930.0,446930.0,0.0,10430000000.0,0.0,62640.0,1459750000.0,0.0,0.0,409.0,532180.0,249.0,612690.0,2.262715362997543,161379937.0,,,,1000.0
2019-03-15T00:00:00,TCH,23.6,22.7,23.55,22.849091009559597,22.75,23.5,723880.0,723880.0,0.0,16540000000.0,0.0,455880.0,10378880000.0,141020.0,3221100000.0,316.0,756980.0,202.0,982120.0,2.262715362997543,160931137.0,,,,1000.0
2019-03-18T00:00:00,TCH,22.9,21.9,22.75,22.373055004162133,22.45,22.75,312340.0,312340.0,0.0,6988000000.0,0.0,20.0,460000.0,70010.0,1568190000.0,466.0,441450.0,228.0,572290.0,2.262715362997543,160942877.0,,,,1000.0
2019-03-19T00:00:00,TCH,22.5,22.1,22.4,22.37145971511445,22.5,22.45,541270.0,541270.0,0.0,12109000000.0,0.0,78020.0,1744090000.0,64000.0,1426420000.0,453.0,585870.0,292.0,656840.0,2.262715362997543,160864857.0,,,,1000.0
2019-03-20T00:00:00,TCH,22.6,22.45,22.5,22.524579549133538,22.55,22.5,586870.0,586870.0,0.0,13219000000.0,0.0,112480.0,2531350000.0,12130.0,273330000.0,398.0,629760.0,214.0,716980.0,2.262715362997543,151382954.0,,,,1000.0
2019-03-21T00:00:00,TCH,22.8,22.45,22.6,22.64565631193705,22.8,22.55,1019180.0,1019180.0,0.0,23080000000.0,0.0,44250.0,999540000.0,11860.0,268080000.0,607.0,2382150.0,677.0,1155200.0,2.262715362997543,151408714.0,,,,1000.0
2019-03-22T00:00:00,TCH,23.0,22.75,22.95,22.89860001133594,22.9,22.8,352860.0,352860.0,0.0,8080000000.0,0.0,1030.0,23540000.0,12090.0,276370000.0,342.0,374240.0,298.0,503240.0,2.262715362997543,151471684.0,,,,1000.0
2019-03-25T00:00:00,TCH,22.95,22.0,22.9,22.74928698272615,22.55,22.9,371660.0,371660.0,0.0,8455000000.0,0.0,0.0,0.0,0.0,0.0,112.0,396250.0,113.0,465010.0,2.262715362997543,151483814.0,,,,1000.0
2019-03-26T00:00:00,TCH,22.65,22.3,22.55,22.521784142869468,22.6,22.55,231820.0,231820.0,0.0,5221000000.0,0.0,0.0,0.0,700.0,15810000.0,264.0,253290.0,180.0,365590.0,2.262715362997543,151495674.0,,,,1000.0
2019-03-27T00:00:00,TCH,22.65,22.3,22.6,22.530308486376185,22.6,22.6,166620.0,166620.0,0.0,3754000000.0,0.0,1500.0,33750000.0,0.0,0.0,225.0,190100.0,133.0,286250.0,2.262715362997543,151506264.0,,,,1000.0
2019-03-28T00:00:00,TCH,22.55,22.25,22.3,22.377292340884573,22.55,22.6,444960.0,444960.0,0.0,9957000000.0,0.0,45960.0,1029910000.0,8480.0,189920000.0,494.0,590690.0,379.0,697630.0,2.262715362997543,151460304.0,,,,1000.0
2019-03-29T00:00:00,TCH,22.7,22.4,22.6,22.57979722117912,22.6,22.55,532600.0,532600.0,0.0,12026000000.0,0.0,0.0,0.0,220.0,4990000.0,127.0,600240.0,100.0,682360.0,2.262715362997543,151461004.0,,,,1000.0
2019-04-01T00:00:00,TCH,22.75,22.3,22.3,22.584074217240047,22.6,22.6,310440.0,310440.0,0.0,7011000000.0,0.0,2820.0,63700000.0,7840.0,176670000.0,496.0,421770.0,273.0,525490.0,2.262715362997543,151458184.0,,,,1000.0
2019-04-02T00:00:00,TCH,23.55,22.45,22.45,23.10354744473988,23.45,22.6,1981990.0,1981990.0,0.0,45791000000.0,0.0,440.0,10100000.0,500.0,11500000.0,1965.0,3592660.0,914.0,2520250.0,2.262715362997543,151466224.0,,,,1000.0
2019-04-03T00:00:00,TCH,24.3,23.5,23.55,24.0190000738983,24.2,23.45,2435780.0,2435780.0,0.0,58505000000.0,0.0,37380.0,897370000.0,380.0,9120000.0,1245.0,2868220.0,578.0,2675340.0,2.262715362997543,151429064.0,,,,1000.0
2019-04-04T00:00:00,TCH,24.55,23.75,24.3,24.241152608756472,24.2,24.2,1644270.0,1644270.0,0.0,39859000000.0,0.0,26680.0,643840000.0,8070.0,197470000.0,1564.0,3139640.0,599.0,2080540.0,2.262715362997543,151410224.0,,,,1000.0
2019-04-05T00:00:00,TCH,23.85,23.0,23.85,23.334628554775726,23.25,24.2,823540.0,823540.0,0.0,19217000000.0,0.0,100.0,2350000.0,0.0,0.0,1071.0,1155150.0,472.0,1199680.0,2.262715362997543,151410624.0,,,,1000.0
2019-04-08T00:00:00,TCH,23.15,21.65,23.15,22.097426163242424,22.15,23.25,1016770.0,1016770.0,0.0,22468000000.0,0.0,57040.0,1255680000.0,0.0,0.0,931.0,1341960.0,540.0,1497870.0,2.262715362997543,151353964.0,,,,1000.0
2019-04-09T00:00:00,TCH,22.4,20.7,22.15,22.00694735581242,22.35,22.15,667880.0,667880.0,0.0,14698000000.0,0.0,0.0,0.0,5840.0,127730000.0,690.0,934590.0,460.0,881440.0,2.262715362997543,151362034.0,,,,1000.0
2019-04-10T00:00:00,TCH,22.15,21.8,22.15,21.9766749553462,22.0,22.35,571060.0,571060.0,0.0,12550000000.0,0.0,0.0,0.0,4670.0,102740000.0,417.0,681540.0,275.0,853930.0,2.262715362997543,151362034.0,,,,1000.0
2019-04-11T00:00:00,TCH,22.15,21.9,22.05,22.021570796460175,22.15,22.0,723200.0,723200.0,0.0,15926000000.0,0.0,49020.0,1078990000.0,500.0,11050000.0,522.0,806040.0,362.0,906190.0,2.262715362997543,151313014.0,,,,1000.0
2019-04-12T00:00:00,TCH,22.2,21.85,22.1,22.01482373517985,22.0,22.15,697530.0,697530.0,0.0,15356000000.0,0.0,38460.0,845220000.0,0.0,0.0,384.0,804550.0,326.0,965890.0,2.262715362997543,151280394.0,,,,1000.0
2019-04-16T00:00:00,TCH,22.0,21.05,21.9,21.579545454545457,21.55,22.0,440000.0,440000.0,0.0,9495000000.0,0.0,300.0,6430000.0,4110.0,88570000.0,274.0,750780.0,214.0,644360.0,2.262715362997543,151284764.0,,,,1000.0
2019-04-17T00:00:00,TCH,21.7,21.15,21.45,21.330550956064148,21.3,21.55,440870.0,440870.0,0.0,9404000000.0,0.0,500.0,10670000.0,0.0,0.0,463.0,611500.0,281.0,770330.0,2.262715362997543,151284764.0,,,,1000.0
2019-04-18T00:00:00,TCH,21.35,21.1,21.3,21.214158781998943,21.1,21.3,208210.0,208210.0,0.0,4417000000.0,0.0,19780.0,419160000.0,0.0,0.0,317.0,275810.0,231.0,409310.0,2.262715362997543,151264984.0,,,,1000.0
2019-04-19T00:00:00,TCH,21.25,21.05,21.15,21.14242238024171,21.15,21.1,341730.0,341730.0,0.0,7225000000.0,0.0,200.0,4220000.0,0.0,0.0,435.0,393680.0,224.0,434630.0,2.262715362997543,151268894.0,,,,1000.0
2019-04-22T00:00:00,TCH,21.2,20.75,21.2,20.92716245432108,21.1,21.15,522670.0,522670.0,0.0,10938000000.0,0.0,500.0,10480000.0,0.0,0.0,363.0,641950.0,238.0,688460.0,2.262715362997543,151268394.0,,,,1000.0
2019-04-23T00:00:00,TCH,21.35,21.1,21.15,21.202996989006373,21.15,21.1,571240.0,571240.0,0.0,12112000000.0,0.0,0.0,0.0,0.0,0.0,424.0,746600.0,257.0,757500.0,2.262715362997543,151268394.0,,,,1000.0
2019-04-24T00:00:00,TCH,21.2,21.05,21.15,21.092523154824857,21.15,21.15,624060.0,624060.0,0.0,13163000000.0,0.0,47300.0,1000120000.0,0.0,0.0,406.0,708530.0,232.0,778560.0,2.262715362997543,151221094.0,,,,1000.0
2019-04-25T00:00:00,TCH,21.4,21.1,21.15,21.216181956466627,21.2,21.15,552220.0,552220.0,0.0,11716000000.0,0.0,58680.0,1245890000.0,5000.0,106250000.0,516.0,583930.0,178.0,649090.0,2.262715362997543,151162414.0,,,,1000.0
2019-04-26T00:00:00,TCH,21.4,21.25,21.25,21.259143912508147,21.4,21.2,552280.0,552280.0,0.0,11741000000.0,0.0,39260.0,837130000.0,5400.0,115150000.0,156.0,624590.0,108.0,593680.0,2.262715362997543,151123154.0,,,,1000.0
2019-05-02T00:00:00,TCH,21.5,21.0,21.45,21.427878709510573,21.4,21.4,618680.0,618680.0,0.0,13257000000.0,0.0,24960.0,531820000.0,27560.0,587170000.0,256.0,699180.0,135.0,734390.0,2.262715362997543,151098194.0,,,,1000.0
2019-05-03T00:00:00,TCH,21.55,21.35,21.45,21.475224314930077,21.45,21.4,1237100.0,1237100.0,0.0,26567000000.0,0.0,37910.0,813460000.0,12440.0,266840000.0,360.0,1315690.0,221.0,1314700.0,2.262715362997543,151065284.0,,,,1000.0
2019-05-06T00:00:00,TCH,21.6,21.25,21.45,21.433863146551726,21.35,21.45,593920.0,593920.0,0.0,12730000000.0,0.0,300.0,6390000.0,280.0,6010000.0,252.0,633180.0,172.0,717610.0,2.262715362997543,151070384.0,,,,1000.0
2019-05-07T00:00:00,TCH,21.45,20.4,21.4,21.164793769707742,20.8,21.35,472530.0,472530.0,0.0,10001000000.0,0.0,32760.0,685130000.0,118820.0,2476480000.0,335.0,581170.0,164.0,669280.0,2.262715362997543,151065184.0,,,,1000.0
2019-05-08T00:00:00,TCH,20.95,20.6,20.8,20.77441809876006,20.9,20.8,505670.0,505670.0,0.0,10505000000.0,0.0,200.0,4150000.0,21680.0,449620000.0,219.0,562180.0,176.0,585590.0,2.262715362997543,151077424.0,,,,1000.0
2019-05-09T00:00:00,TCH,21.1,20.9,20.9,20.967974957861788,20.95,20.9,830600.0,830600.0,0.0,17416000000.0,0.0,0.0,0.0,0.0,0.0,274.0,869480.0,187.0,950380.0,2.262715362997543,151077704.0,,,,1000.0
2019-05-10T00:00:00,TCH,21.15,20.7,21.0,20.90179345071689,20.9,20.95,611670.0,611670.0,0.0,12785000000.0,0.0,5000.0,103750000.0,640.0,13280000.0,223.0,708660.0,178.0,730180.0,2.262715362997543,151191524.0,,,,1000.0
2019-05-13T00:00:00,TCH,21.0,20.5,20.9,20.785482921083627,20.75,20.9,543360.0,543360.0,0.0,11294000000.0,0.0,8930.0,185510000.0,63200.0,1307940000.0,264.0,640950.0,214.0,698840.0,2.262715362997543,151204274.0,,,,1000.0
2019-05-14T00:00:00,TCH,20.9,20.6,20.8,20.791199022113567,20.85,20.75,539940.0,539940.0,0.0,11226000000.0,0.0,4010.0,83310000.0,0.0,0.0,205.0,591620.0,102.0,666520.0,2.262715362997543,151200264.0,,,,1000.0
2019-05-15T00:00:00,TCH,21.3,20.8,20.9,20.97067807592229,21.25,20.85,972310.0,972310.0,0.0,20390000000.0,0.0,22690.0,478810000.0,400.0,8400000.0,508.0,2300570.0,260.0,1117040.0,2.262715362997543,151178214.0,,,,1000.0
2019-05-16T00:00:00,TCH,21.5,21.25,21.3,21.351286750059757,21.25,21.25,627550.0,627550.0,0.0,13399000000.0,0.0,0.0,0.0,37250.0,791560000.0,263.0,695890.0,198.0,746660.0,2.262715362997543,151241414.0,,,,1000.0
2019-05-17T00:00:00,TCH,21.35,21.1,21.2,21.26286060117006,21.25,21.25,495700.0,495700.0,0.0,10540000000.0,0.0,81940.0,1739340000.0,27430.0,582890000.0,286.0,542880.0,189.0,616200.0,2.262715362997543,151159474.0,,,,1000.0
2019-05-20T00:00:00,TCH,21.25,21.0,21.25,21.177882367609016,21.25,21.25,641660.0,641660.0,0.0,13589000000.0,0.0,80290.0,1696460000.0,0.0,0.0,380.0,730750.0,233.0,739470.0,2.262715362997543,151079584.0,,,,1000.0
2019-05-21T00:00:00,TCH,21.45,21.2,21.35,21.3160200519973,21.25,21.25,696190.0,696190.0,0.0,14840000000.0,0.0,38000.0,808480000.0,0.0,0.0,540.0,863770.0,161.0,827460.0,2.262715362997543,151078834.0,,,,1000.0
2019-05-22T00:00:00,TCH,21.3,21.1,21.25,21.22792937399679,21.25,21.25,423640.0,423640.0,0.0,8993000000.0,0.0,2500.0,52950000.0,0.0,0.0,325.0,472340.0,225.0,509510.0,2.262715362997543,151103764.0,,,,1000.0
2019-05-23T00:00:00,TCH,21.3,21.05,21.2,21.189703481223166,21.3,21.25,496090.0,496090.0,0.0,10512000000.0,0.0,66750.0,1413080000.0,0.0,0.0,361.0,548720.0,200.0,583040.0,2.262715362997543,151037014.0,,,,1000.0
2019-05-24T00:00:00,TCH,21.3,20.9,21.25,21.18615084394552,21.2,21.3,497070.0,497070.0,0.0,10531000000.0,0.0,43290.0,916070000.0,2590.0,54720000.0,299.0,538600.0,203.0,616430.0,2.262715362997543,150993724.0,,,,1000.0
2019-05-27T00:00:00,TCH,21.2,21.0,21.15,21.11063053575794,21.1,21.2,531770.0,531770.0,0.0,11226000000.0,0.0,700.0,14710000.0,0.0,0.0,283.0,566790.0,162.0,631820.0,2.262715362997543,150993024.0,,,,1000.0
2019-05-28T00:00:00,TCH,21.2,21.0,21.05,21.117544681705603,21.0,21.1,597560.0,597560.0,0.0,12619000000.0,0.0,24430.0,513430000.0,82810.0,1739010000.0,288.0,817520.0,148.0,665000.0,2.262715362997543,150968594.0,,,,1000.0
2019-05-29T00:00:00,TCH,21.1,20.15,21.05,20.9396493267461,21.0,21.0,516150.0,516150.0,0.0,10808000000.0,0.0,75000.0,1568820000.0,0.0,0.0,263.0,568070.0,164.0,659850.0,2.262715362997543,150896184.0,,,,1000.0
2019-05-30T00:00:00,TCH,21.0,20.85,20.95,20.949753054930785,20.95,21.0,431270.0,431270.0,0.0,9035000000.0,0.0,11160.0,233800000.0,0.0,0.0,230.0,470770.0,176.0,564210.0,2.262715362997543,150885024.0,,,,1000.0
2019-05-31T00:00:00,TCH,21.0,20.3,20.95,20.870434476758177,20.7,20.95,540190.0,540190.0,0.0,11274000000.0,0.0,74960.0,1562660000.0,100.0,2100000.0,269.0,601080.0,149.0,705620.0,2.262715362997543,150892874.0,,,,1000.0
2019-06-03T00:00:00,TCH,20.9,20.65,20.7,20.71673081014176,20.9,20.7,517070.0,517070.0,0.0,10712000000.0,0.0,74920.0,1549190000.0,0.0,0.0,281.0,575870.0,169.0,613620.0,2.262715362997543,150817954.0,,,,1000.0
2019-06-04T00:00:00,TCH,21.1,20.85,20.95,20.952861335289803,21.0,20.9,1090400.0,1090400.0,0.0,22847000000.0,0.0,92830.0,1942440000.0,0.0,0.0,364.0,1189540.0,232.0,1415700.0,2.262715362997543,150725124.0,,,,1000.0
2019-06-05T00:00:00,TCH,21.1,20.85,21.0,21.020932960389786,21.05,21.0,886640.0,886640.0,0.0,18638000000.0,0.0,37780.0,792530000.0,0.0,0.0,340.0,921280.0,196.0,953860.0,2.262715362997543,150687444.0,,,,1000.0
2019-06-06T00:00:00,TCH,21.1,20.6,21.05,21.010753535273956,20.7,21.05,507740.0,507740.0,0.0,10668000000.0,0.0,1000.0,20730000.0,0.0,0.0,162.0,630140.0,116.0,592500.0,2.262715362997543,150686444.0,,,,1000.0
2019-06-07T00:00:00,TCH,21.1,20.6,20.7,20.810442199085635,21.0,20.7,1041160.0,1041160.0,0.0,21667000000.0,0.0,23460.0,488330000.0,0.0,0.0,393.0,1171480.0,246.0,1162130.0,2.262715362997543,150662984.0,,,,1000.0
2019-06-10T00:00:00,TCH,21.35,20.8,21.0,21.032619400364815,21.3,21.0,1167710.0,1167710.0,0.0,24560000000.0,0.0,37540.0,790370000.0,0.0,0.0,584.0,1358710.0,248.0,1327470.0,2.262715362997543,150625444.0,,,,1000.0
2019-06-11T00:00:00,TCH,21.9,21.3,21.35,21.57441806466593,21.7,21.3,1378160.0,1378160.0,0.0,29733000000.0,0.0,40080.0,866830000.0,3190.0,69220000.0,1132.0,1599420.0,359.0,1535370.0,2.262715362997543,150585364.0,,,,1000.0
2019-06-12T00:00:00,TCH,21.8,21.55,21.65,21.722191581491956,21.75,21.7,852170.0,852170.0,0.0,18511000000.0,0.0,24770.0,537710000.0,0.0,0.0,412.0,970330.0,208.0,1055630.0,2.262715362997543,150560594.0,,,,1000.0
2019-06-13T00:00:00,TCH,21.8,21.0,21.7,21.469505045333683,21.0,21.75,1211020.0,1211020.0,0.0,26000000000.0,0.0,23240.0,501070000.0,0.0,0.0,454.0,1365100.0,291.0,1369760.0,2.262715362997543,150537354.0,,,,1000.0
2019-06-14T00:00:00,TCH,21.45,21.05,21.05,21.268067611369947,21.3,21.0,1551810.0,1551810.0,0.0,33004000000.0,0.0,85080.0,1814230000.0,0.0,0.0,458.0,1917550.0,313.0,1828020.0,2.262715362997543,150455464.0,,,,1000.0
2019-06-17T00:00:00,TCH,21.4,21.0,21.35,21.180373035581574,21.35,21.3,1103380.0,1103380.0,0.0,23370000000.0,0.0,0.0,0.0,0.0,0.0,976.0,1843070.0,408.0,1337850.0,2.262715362997543,150455464.0,,,,1000.0
2019-06-18T00:00:00,TCH,21.6,21.25,21.35,21.377096642225506,21.4,21.35,953310.0,953310.0,0.0,20379000000.0,0.0,0.0,0.0,23540.0,503760000.0,409.0,1086060.0,253.0,1099840.0,2.262715362997543,150455464.0,,,,1000.0
2019-06-19T00:00:00,TCH,21.55,20.45,21.5,21.233510761397824,20.45,21.4,777780.0,777780.0,0.0,16515000000.0,0.0,0.0,0.0,1750.0,37530000.0,637.0,877430.0,306.0,1100560.0,2.262715362997543,150455464.0,,,,1000.0
2019-06-20T00:00:00,TCH,20.4,19.95,20.4,20.165333417152556,20.05,20.45,636290.0,636290.0,0.0,12831000000.0,0.0,0.0,0.0,0.0,0.0,401.0,776730.0,388.0,934190.0,2.262715362997543,150455464.0,,,,1000.0
2019-06-21T00:00:00,TCH,20.25,19.95,20.0,20.091484194257518,20.1,20.05,2083420.0,2083420.0,0.0,41859000000.0,0.0,5000.0,100500000.0,1771400.0,35605140000.0,319.0,3359910.0,203.0,2326820.0,2.262715362997543,150474004.0,,,,1000.0
2019-06-24T00:00:00,TCH,21.05,20.05,20.1,20.574438178461953,21.0,20.1,1180980.0,1180980.0,0.0,24298000000.0,0.0,33290.0,687480000.0,2930.0,61300000.0,514.0,1475470.0,342.0,1299310.0,2.262715362997543,150442464.0,,,,1000.0
2019-06-25T00:00:00,TCH,21.05,20.7,20.95,20.859903292992872,20.9,21.0,1089890.0,1089890.0,0.0,22735000000.0,0.0,43380.0,903330000.0,17350.0,361730000.0,308.0,1219430.0,245.0,1281410.0,2.262715362997543,150399084.0,,,,1000.0
2019-06-26T00:00:00,TCH,21.15,20.85,20.95,20.947005330824712,21.15,20.9,1179930.0,1179930.0,0.0,24716000000.0,0.0,91810.0,1923870000.0,7930.0,165640000.0,609.0,1487810.0,278.0,1346990.0,2.262715362997543,152078674.0,,,,1000.0
2019-06-27T00:00:00,TCH,21.2,20.9,21.05,21.018889826931193,21.0,21.15,758080.0,758080.0,0.0,15934000000.0,0.0,63560.0,1334660000.0,35870.0,753770000.0,411.0,824900.0,249.0,952180.0,2.262715362997543,152018044.0,,,,1000.0
2019-06-28T00:00:00,TCH,21.05,20.75,21.0,20.929459149863895,21.0,21.0,811870.0,811870.0,0.0,16992000000.0,0.0,72940.0,1523420000.0,12220.0,255410000.0,506.0,1406580.0,246.0,1089940.0,2.262715362997543,151962454.0,,,,1000.0
2019-07-01T00:00:00,TCH,22.25,20.95,21.1,21.41345865787897,21.8,21.0,2136320.0,2136320.0,0.0,45746000000.0,0.0,47640.0,1007590000.0,6000.0,125900000.0,850.0,3241560.0,470.0,2425000.0,2.262715362997543,151922744.0,,,,1000.0
2019-07-02T00:00:00,TCH,21.9,21.5,21.75,21.67579420612445,21.8,21.8,907510.0,907510.0,0.0,19671000000.0,0.0,0.0,0.0,0.0,0.0,442.0,1170490.0,238.0,1154730.0,2.262715362997543,151958614.0,,,,1000.0
2019-07-03T00:00:00,TCH,22.1,21.7,21.8,21.88911966185687,21.8,21.8,1097760.0,1097760.0,0.0,24029000000.0,0.0,6090.0,132760000.0,2000.0,44000000.0,483.0,1203820.0,296.0,1333210.0,2.262715362997543,151964744.0,,,,1000.0
2019-07-04T00:00:00,TCH,21.8,21.5,21.8,21.641584158415842,21.75,21.8,505000.0,505000.0,0.0,10929000000.0,0.0,8220.0,178210000.0,2000.0,43210000.0,507.0,832040.0,274.0,767630.0,2.262715362997543,151962524.0,,,,1000.0
2019-07-05T00:00:00,TCH,21.65,20.95,21.0,21.278467548734056,21.35,21.75,2011940.0,2011940.0,0.0,42811000000.0,0.0,19770.0,422390000.0,8300.0,175430000.0,582.0,2556340.0,340.0,2414410.0,2.190932668645776,151942754.0,,,,1000.0
2019-07-08T00:00:00,TCH,21.6,21.25,21.4,21.393896769988164,21.5,21.35,582970.0,582970.0,0.0,12472000000.0,0.0,31770.0,678550000.0,2500.0,53700000.0,393.0,667160.0,223.0,673330.0,2.190932668645776,151912984.0,,,,1000.0
2019-07-09T00:00:00,TCH,21.55,21.3,21.4,21.42529126626414,21.5,21.5,587950.0,587950.0,0.0,12597000000.0,0.0,0.0,0.0,0.0,0.0,292.0,675640.0,175.0,892930.0,2.190932668645776,151914984.0,,,,1000.0
2019-07-10T00:00:00,TCH,21.6,21.4,21.5,21.52672899062644,21.55,21.5,801190.0,801190.0,0.0,17247000000.0,0.0,0.0,0.0,0.0,0.0,673.0,1396620.0,226.0,990370.0,2.190932668645776,151923284.0,,,,1000.0
2019-07-11T00:00:00,TCH,21.95,21.5,21.6,21.738851322434307,21.8,21.55,467320.0,467320.0,0.0,10159000000.0,0.0,0.0,0.0,10000.0,218000000.0,625.0,682040.0,298.0,677790.0,2.190932668645776,151925784.0,,,,1000.0
2019-07-12T00:00:00,TCH,21.95,21.5,21.95,21.722272749030683,21.65,21.8,835640.0,835640.0,0.0,18152000000.0,0.0,0.0,0.0,8450.0,185030000.0,881.0,1295400.0,313.0,1197570.0,2.190932668645776,151925784.0,,,,1000.0
2019-07-15T00:00:00,TCH,21.7,21.3,21.55,21.42551211803453,21.5,21.65,677090.0,677090.0,0.0,14507000000.0,0.0,0.0,0.0,1460.0,31240000.0,356.0,843660.0,280.0,870640.0,2.190932668645776,151925784.0,,,,1000.0
2019-07-16T00:00:00,TCH,21.75,21.35,21.55,21.590220332761373,21.6,21.5,1171410.0,1171410.0,0.0,25291000000.0,0.0,0.0,0.0,18520.0,399240000.0,839.0,1508260.0,508.0,1497840.0,2.190932668645776,151935784.0,,,,1000.0
2019-07-17T00:00:00,TCH,21.9,21.45,21.65,21.70575186906077,21.85,21.6,1095470.0,1095470.0,0.0,23778000000.0,0.0,0.0,0.0,17030.0,369750000.0,641.0,2354990.0,325.0,1323950.0,2.190932668645776,151944234.0,,,,1000.0
2019-07-18T00:00:00,TCH,22.0,21.6,21.9,21.811967652084988,21.8,21.85,743170.0,743170.0,0.0,16210000000.0,0.0,900.0,19530000.0,65210.0,1417470000.0,394.0,849680.0,288.0,972420.0,2.190932668645776,151944794.0,,,,1000.0
2019-07-19T00:00:00,TCH,22.25,21.6,21.75,21.9340629191562,21.85,21.8,1312160.0,1312160.0,0.0,28781000000.0,0.0,0.0,0.0,43040.0,939930000.0,631.0,2549390.0,471.0,1606290.0,2.190932668645776,151963314.0,,,,1000.0
2019-07-22T00:00:00,TCH,21.95,21.1,21.7,21.5373197625106,21.25,21.85,471600.0,471600.0,0.0,10157000000.0,0.0,0.0,0.0,17130.0,363410000.0,316.0,656980.0,256.0,706710.0,2.190932668645776,151980344.0,,,,1000.0
2019-07-23T00:00:00,TCH,21.3,20.95,21.25,21.147562410142466,21.0,21.25,382550.0,382550.0,0.0,8090000000.0,0.0,31820.0,672080000.0,21490.0,452730000.0,288.0,550100.0,228.0,547440.0,2.190932668645776,152013734.0,,,,1000.0
2019-07-24T00:00:00,TCH,21.2,21.0,21.0,21.101493474458447,21.15,21.0,222970.0,222970.0,0.0,4705000000.0,0.0,15910.0,335790000.0,0.0,0.0,225.0,357850.0,155.0,301660.0,2.190932668645776,152040864.0,,,,1000.0
2019-07-25T00:00:00,TCH,22.2,21.05,21.1,21.59354119205803,21.85,21.15,1049110.0,1049110.0,0.0,22654000000.0,0.0,0.0,0.0,16000.0,345870000.0,562.0,1356730.0,511.0,1333260.0,2.190932668645776,152057994.0,,,,1000.0
2019-07-26T00:00:00,TCH,22.0,21.55,21.9,21.748393642204938,21.8,21.85,591400.0,591400.0,0.0,12862000000.0,0.0,0.0,0.0,1500.0,32720000.0,409.0,714060.0,385.0,973060.0,2.190932668645776,152079484.0,,,,1000.0
2019-07-29T00:00:00,TCH,22.1,21.6,21.75,21.832229974482967,22.05,21.8,1120820.0,1120820.0,0.0,24470000000.0,0.0,8870.0,192640000.0,0.0,0.0,513.0,1479510.0,370.0,1438810.0,2.190932668645776,152070614.0,,,,1000.0
2019-07-30T00:00:00,TCH,22.2,21.7,22.05,21.90064353570091,21.95,22.05,881070.0,881070.0,0.0,19296000000.0,0.0,0.0,0.0,4880.0,106680000.0,539.0,993000.0,509.0,1151010.0,2.190932668645776,152086614.0,,,,1000.0
2019-07-31T00:00:00,TCH,22.85,21.6,21.8,21.945375191726626,22.85,21.95,1519090.0,1519090.0,0.0,33337000000.0,0.0,0.0,0.0,17640.0,384610000.0,850.0,4285820.0,486.0,1747900.0,2.190932668645776,152088114.0,,,,1000.0
2019-08-01T00:00:00,TCH,23.0,22.15,22.35,22.458430285759107,22.8,22.85,3059920.0,3059920.0,0.0,68721000000.0,0.0,2000.0,44400000.0,0.0,0.0,719.0,3784650.0,572.0,3469370.0,2.190932668645776,152086114.0,,,,1000.0
2019-08-02T00:00:00,TCH,22.75,22.4,22.55,22.530694061638684,22.45,22.8,199550.0,199550.0,0.0,4496000000.0,0.0,0.0,0.0,0.0,0.0,347.0,282700.0,241.0,477950.0,2.190932668645776,152090994.0,,,,1000.0
2019-08-05T00:00:00,TCH,22.5,21.7,22.35,22.161921990542385,22.5,22.45,315090.0,315090.0,0.0,6983000000.0,0.0,0.0,0.0,39830.0,884690000.0,255.0,438570.0,145.0,428900.0,2.190932668645776,152108634.0,,,,1000.0
2019-08-06T00:00:00,TCH,22.1,21.7,21.7,21.866452131938857,21.95,22.5,248600.0,248600.0,0.0,5436000000.0,0.0,200.0,4360000.0,0.0,0.0,358.0,452070.0,264.0,748140.0,2.190932668645776,152108434.0,,,,1000.0
2019-08-07T00:00:00,TCH,22.1,21.8,21.85,21.952190128918218,22.05,21.95,1080530.0,1080530.0,0.0,23720000000.0,0.0,0.0,0.0,19240.0,421760000.0,671.0,1592930.0,407.0,1333360.0,2.190932668645776,152108434.0,,,,1000.0
2019-08-08T00:00:00,TCH,22.4,21.9,22.0,22.163833075734157,22.35,22.05,938150.0,938150.0,0.0,20793000000.0,0.0,0.0,0.0,0.0,0.0,703.0,2350690.0,309.0,1116990.0,2.190932668645776,152148264.0,,,,1000.0
2019-08-09T00:00:00,TCH,23.0,22.2,22.2,22.465746035171,23.0,22.35,1853800.0,1853800.0,0.0,41647000000.0,0.0,99060.0,2220760000.0,2200.0,50500000.0,821.0,4497350.0,635.0,2103570.0,2.190932668645776,152049204.0,,,,1000.0
2019-08-12T00:00:00,TCH,23.05,22.45,22.7,22.756523908960773,22.9,23.0,3045720.0,3045720.0,0.0,69310000000.0,0.0,0.0,0.0,0.0,0.0,561.0,3456670.0,442.0,3401690.0,2.190932668645776,152068444.0,,,,1000.0
2019-08-13T00:00:00,TCH,22.85,22.5,22.8,22.690946148895087,22.65,22.9,372880.0,372880.0,0.0,8461000000.0,0.0,0.0,0.0,0.0,0.0,217.0,451940.0,232.0,614990.0,2.190932668645776,152068444.0,,,,1000.0
2019-08-14T00:00:00,TCH,22.9,22.7,22.7,22.796317309676088,22.8,22.65,775520.0,775520.0,0.0,17679000000.0,0.0,6600.0,150810000.0,32380.0,738260000.0,284.0,1287270.0,322.0,1005120.0,2.190932668645776,152064044.0,,,,1000.0
2019-08-15T00:00:00,TCH,22.7,22.0,22.0,22.25671322952653,22.7,22.8,599190.0,599190.0,0.0,13336000000.0,0.0,300.0,6660000.0,0.0,0.0,395.0,662460.0,325.0,853250.0,2.190932668645776,152063744.0,,,,1000.0
2019-08-16T00:00:00,TCH,22.55,22.15,22.55,22.41035004136593,22.5,22.7,701060.0,701060.0,0.0,15711000000.0,0.0,8280.0,183820000.0,95520.0,2127830000.0,394.0,1732220.0,197.0,1010380.0,2.190932668645776,152055464.0,,,,1000.0
2019-08-19T00:00:00,TCH,22.6,22.0,22.6,22.35799690121905,22.4,22.5,342070.0,342070.0,0.0,7648000000.0,0.0,2000.0,44200000.0,15920.0,354710000.0,163.0,547570.0,213.0,648800.0,2.190932668645776,152085844.0,,,,1000.0
2019-08-20T00:00:00,TCH,22.85,22.1,22.35,22.37088755467413,22.85,22.4,736180.0,736180.0,0.0,16469000000.0,0.0,700.0,15530000.0,26600.0,592980000.0,562.0,1931990.0,305.0,930840.0,2.190932668645776,152085144.0,,,,1000.0
2019-08-21T00:00:00,TCH,22.8,22.55,22.7,22.634700585965412,22.8,22.85,279880.0,279880.0,0.0,6335000000.0,0.0,32180.0,725660000.0,1000.0,22700000.0,220.0,364920.0,216.0,524520.0,2.190932668645776,152148484.0,,,,1000.0
2019-08-22T00:00:00,TCH,22.65,22.25,22.65,22.418214555743493,22.5,22.8,1282930.0,1282930.0,0.0,28761000000.0,0.0,500.0,11130000.0,31840.0,713060000.0,505.0,2459710.0,382.0,1586350.0,2.190932668645776,152163904.0,,,,1000.0
2019-08-23T00:00:00,TCH,22.7,22.4,22.45,22.561387115194933,22.5,22.5,577890.0,577890.0,0.0,13038000000.0,0.0,11900.0,268350000.0,28560.0,643100000.0,287.0,649760.0,272.0,839840.0,2.190932668645776,152178604.0,,,,1000.0
2019-08-26T00:00:00,TCH,22.4,21.95,22.35,22.243939238075644,22.3,22.5,291630.0,291630.0,0.0,6487000000.0,0.0,4280.0,94160000.0,0.0,0.0,240.0,363110.0,188.0,553480.0,2.190932668645776,152175324.0,,,,1000.0
2019-08-27T00:00:00,TCH,22.5,22.05,22.2,22.25206256445514,22.05,22.3,930880.0,930880.0,0.0,20714000000.0,0.0,0.0,0.0,83450.0,1843460000.0,374.0,1920960.0,259.0,1237820.0,2.190932668645776,152207164.0,,,,1000.0
2019-08-28T00:00:00,TCH,22.45,22.1,22.15,22.230149567383155,22.25,22.05,770890.0,770890.0,0.0,17137000000.0,0.0,14490.0,322520000.0,35030.0,776190000.0,464.0,1052450.0,313.0,1084520.0,2.190932668645776,152221234.0,,,,1000.0
2019-08-29T00:00:00,TCH,22.4,22.05,22.35,22.2687577971841,22.25,22.25,224440.0,224440.0,0.0,4998000000.0,0.0,0.0,0.0,31840.0,705320000.0,169.0,273460.0,168.0,416930.0,2.190932668645776,152221234.0,,,,1000.0
2019-08-30T00:00:00,TCH,22.95,22.2,22.2,22.51726138174271,22.75,22.25,4085710.0,4085710.0,0.0,91999000000.0,0.0,41820.0,941940000.0,2000.0,45250000.0,783.0,6090310.0,562.0,4474660.0,2.190932668645776,152262864.0,,,,1000.0
2019-09-03T00:00:00,TCH,23.0,22.55,22.9,22.809492521161058,22.6,22.75,517460.0,517460.0,0.0,11803000000.0,0.0,0.0,0.0,500.0,11480000.0,246.0,643140.0,169.0,746040.0,2.190932668645776,152297894.0,,,,1000.0
2019-09-04T00:00:00,TCH,22.6,22.35,22.35,22.39115889532335,22.6,22.6,433430.0,433430.0,0.0,9705000000.0,0.0,31470.0,706140000.0,0.0,0.0,149.0,686740.0,183.0,511210.0,2.190932668645776,152298264.0,,,,1000.0
2019-09-05T00:00:00,TCH,22.8,22.2,22.75,22.436886887525354,22.4,22.6,1567820.0,1567820.0,0.0,35177000000.0,0.0,0.0,0.0,0.0,0.0,289.0,2006610.0,359.0,1910060.0,2.190932668645776,152300264.0,,,,1000.0
2019-09-06T00:00:00,TCH,22.25,22.0,22.2,22.170243820287794,22.05,22.4,534410.0,534410.0,0.0,11848000000.0,0.0,0.0,0.0,0.0,0.0,199.0,607460.0,168.0,831710.0,2.190932668645776,152300764.0,,,,1000.0
2019-09-09T00:00:00,TCH,22.7,22.05,22.1,22.266496775937295,22.65,22.05,1294950.0,1294950.0,0.0,28834000000.0,0.0,0.0,0.0,0.0,0.0,559.0,3616670.0,432.0,1494810.0,2.190932668645776,152300764.0,,,,1000.0
2019-09-10T00:00:00,TCH,23.5,22.35,22.65,22.77916461650273,23.45,22.65,2215270.0,2215270.0,0.0,50462000000.0,0.0,0.0,0.0,4000.0,93200000.0,689.0,4285640.0,694.0,2447190.0,2.190932668645776,152300764.0,,,,1000.0
2019-09-11T00:00:00,TCH,24.0,23.2,23.35,23.636929275256968,24.0,23.45,3246530.0,3246530.0,0.0,76738000000.0,0.0,0.0,0.0,15570.0,369510000.0,731.0,4234920.0,503.0,3538120.0,2.190932668645776,152300764.0,,,,1000.0
2019-09-12T00:00:00,TCH,24.1,23.0,24.0,23.469116494564187,23.0,24.0,2896530.0,2896530.0,0.0,67979000000.0,0.0,10200.0,241040000.0,49460.0,1176910000.0,623.0,3471510.0,390.0,3193880.0,2.190932668645776,152290564.0,,,,1000.0
2019-09-13T00:00:00,TCH,23.4,22.75,23.0,23.004872357205365,22.85,23.0,925630.0,925630.0,0.0,21294000000.0,0.0,0.0,0.0,0.0,0.0,337.0,1204220.0,261.0,1124030.0,2.190932668645776,152294564.0,,,,1000.0
2019-09-16T00:00:00,TCH,23.6,22.8,22.9,23.14541876230046,23.6,22.85,1143250.0,1143250.0,0.0,26461000000.0,0.0,15170.0,351330000.0,1000.0,23500000.0,404.0,1434410.0,286.0,1284250.0,2.190932668645776,152294964.0,,,,1000.0
2019-09-17T00:00:00,TCH,24.25,23.4,23.4,23.79839141126911,24.1,23.6,2224310.0,2224310.0,0.0,52935000000.0,0.0,0.0,0.0,1000.0,23930000.0,690.0,3864690.0,477.0,2496560.0,2.190932668645776,152344424.0,,,,1000.0
2019-09-18T00:00:00,TCH,24.2,23.75,24.15,23.940004368613938,24.0,24.1,824060.0,824060.0,0.0,19728000000.0,0.0,0.0,0.0,0.0,0.0,250.0,1013480.0,250.0,1127420.0,2.190932668645776,152344424.0,,,,1000.0
2019-09-19T00:00:00,TCH,24.8,23.65,23.7,24.095674626964307,24.5,24.0,2118430.0,2118430.0,0.0,51045000000.0,0.0,0.0,0.0,1000.0,24650000.0,508.0,2727180.0,379.0,2371830.0,2.190932668645776,152345424.0,,,,1000.0
2019-09-20T00:00:00,TCH,24.85,23.85,24.5,24.21721494368477,24.05,24.5,3002740.0,3002740.0,0.0,72718000000.0,0.0,2860.0,70930000.0,321700.0,7743170000.0,393.0,4734580.0,389.0,3351130.0,2.190932668645776,152343564.0,,,,1000.0
2019-09-23T00:00:00,TCH,24.5,23.8,23.95,24.00866753253638,24.1,24.05,1509080.0,1509080.0,0.0,36231000000.0,0.0,10000.0,239820000.0,1970.0,47480000.0,398.0,1635150.0,314.0,1822530.0,2.190932668645776,152333564.0,,,,1000.0
2019-09-24T00:00:00,TCH,24.3,23.8,23.95,24.02383515101215,24.2,24.1,1542260.0,1542260.0,0.0,37051000000.0,0.0,580.0,13930000.0,0.0,0.0,433.0,2002300.0,304.0,1873910.0,2.190932668645776,152333984.0,,,,1000.0
2019-09-25T00:00:00,TCH,24.0,23.8,23.95,23.8825401417619,23.9,24.2,760430.0,760430.0,0.0,18161000000.0,0.0,17160.0,409120000.0,0.0,0.0,278.0,881350.0,177.0,1111600.0,2.190932668645776,152638524.0,,,,1000.0
2019-09-26T00:00:00,TCH,24.35,23.6,23.9,23.897763932463445,24.35,23.9,1804060.0,1804060.0,0.0,43113000000.0,0.0,0.0,0.0,0.0,0.0,659.0,3025210.0,373.0,2173850.0,2.190932668645776,152640494.0,,,,1000.0
2019-09-27T00:00:00,TCH,24.4,24.1,24.35,24.2653405121039,24.3,24.35,729930.0,729930.0,0.0,17712000000.0,0.0,0.0,0.0,0.0,0.0,285.0,863280.0,224.0,1078890.0,2.190932668645776,152640494.0,,,,1000.0
2019-09-30T00:00:00,TCH,24.2,23.95,24.2,24.094371168493407,24.15,24.3,538300.0,538300.0,0.0,12970000000.0,0.0,15660.0,376310000.0,13920.0,335550000.0,245.0,837970.0,182.0,820170.0,2.190932668645776,152624834.0,,,,1000.0
2019-10-01T00:00:00,TCH,24.25,23.5,24.0,23.726682326931048,23.8,24.15,2171100.0,2171100.0,0.0,51513000000.0,0.0,0.0,0.0,74290.0,1762130000.0,758.0,3296100.0,501.0,2527280.0,2.190932668645776,152625414.0,,,,1000.0
2019-10-02T00:00:00,TCH,24.4,23.7,23.7,23.962774331882226,24.25,23.8,2000770.0,2000770.0,0.0,47944000000.0,0.0,48220.0,1153760000.0,0.0,0.0,596.0,3044310.0,367.0,2340320.0,2.190932668645776,152577194.0,,,,1000.0
2019-10-03T00:00:00,TCH,24.25,23.85,24.05,24.009607207274563,24.1,24.25,1070030.0,1070030.0,0.0,25691000000.0,0.0,9840.0,236580000.0,7100.0,170400000.0,356.0,1421150.0,238.0,1390140.0,2.190932668645776,152581274.0,,,,1000.0
2019-10-04T00:00:00,TCH,23.9,23.45,23.9,23.75045055869278,23.9,24.1,1331680.0,1331680.0,0.0,31628000000.0,0.0,8330.0,198160000.0,62320.0,1479010000.0,480.0,1524320.0,272.0,1671740.0,2.190932668645776,152647234.0,,,,1000.0
2019-10-07T00:00:00,TCH,23.95,23.55,23.9,23.71907886366528,23.6,23.9,1100380.0,1100380.0,0.0,26100000000.0,0.0,17700.0,419140000.0,45870.0,1083340000.0,356.0,1280980.0,344.0,1320970.0,2.190932668645776,152629534.0,,,,1000.0
2019-10-08T00:00:00,TCH,24.0,23.5,23.65,23.735248597407622,23.85,23.6,1240560.0,1240560.0,0.0,29445000000.0,0.0,16160.0,384320000.0,26270.0,626440000.0,323.0,1402940.0,231.0,1445030.0,2.190932668645776,152620474.0,,,,1000.0
2019-10-09T00:00:00,TCH,24.05,23.7,23.75,23.84261499080777,23.75,23.85,1136830.0,1136830.0,0.0,27105000000.0,0.0,6900.0,164930000.0,0.0,0.0,401.0,1458230.0,276.0,1380740.0,2.190932668645776,152675894.0,,,,1000.0
2019-10-10T00:00:00,TCH,24.3,23.7,23.75,24.01274053015347,24.15,23.75,3798900.0,3798900.0,0.0,91222000000.0,0.0,2140.0,51580000.0,31200.0,749840000.0,950.0,5110950.0,1100.0,4101860.0,2.190932668645776,152719624.0,,,,1000.0
2019-10-11T00:00:00,TCH,24.3,23.95,24.0,24.03900761005371,24.25,24.15,1848870.0,1848870.0,0.0,44445000000.0,0.0,38570.0,935320000.0,32920.0,796710000.0,475.0,2248420.0,311.0,2465260.0,2.190932668645776,152707324.0,,,,1000.0
2019-10-14T00:00:00,TCH,24.65,24.25,24.3,24.42171707083217,24.55,24.25,1501860.0,1501860.0,0.0,36678000000.0,0.0,2390.0,58350000.0,2000.0,48950000.0,411.0,1706630.0,332.0,1841370.0,2.190932668645776,152704934.0,,,,1000.0
2019-10-15T00:00:00,TCH,24.75,24.2,24.5,24.41091120139292,24.25,24.55,775350.0,775350.0,0.0,18927000000.0,0.0,2410.0,58600000.0,0.0,0.0,310.0,929990.0,257.0,1111820.0,2.190932668645776,152733724.0,,,,1000.0
2019-10-16T00:00:00,TCH,24.5,24.2,24.3,24.351138576144923,24.3,24.25,1181300.0,1181300.0,0.0,28766000000.0,0.0,19500.0,473390000.0,19490.0,472920000.0,301.0,1402050.0,254.0,1495700.0,2.190932668645776,152747144.0,,,,1000.0
2019-10-17T00:00:00,TCH,24.75,24.0,24.3,24.414629063237523,24.65,24.3,1775370.0,1775370.0,0.0,43345000000.0,0.0,21070.0,514750000.0,57450.0,1389100000.0,581.0,2635360.0,447.0,2214380.0,2.190932668645776,152728074.0,,,,1000.0
2019-10-18T00:00:00,TCH,24.75,24.25,24.65,24.375950864934918,24.4,24.65,709880.0,709880.0,0.0,17304000000.0,0.0,19500.0,473650000.0,54700.0,1327730000.0,299.0,919310.0,190.0,864970.0,2.190932668645776,152708574.0,,,,1000.0
2019-10-21T00:00:00,TCH,24.55,23.5,24.4,24.11819306930693,23.75,24.4,646400.0,646400.0,0.0,15590000000.0,0.0,1500.0,35500000.0,11040.0,264460000.0,319.0,832380.0,252.0,895090.0,2.190932668645776,152726564.0,,,,1000.0
2019-10-22T00:00:00,TCH,23.9,22.8,23.9,23.132031597305335,22.8,23.75,2339440.0,2339440.0,0.0,54116000000.0,0.0,10110.0,238370000.0,20000.0,460000000.0,875.0,4867060.0,540.0,2828540.0,2.190932668645776,152773904.0,,,,1000.0
2019-10-23T00:00:00,TCH,23.15,22.8,22.85,22.954513448810026,23.0,22.8,568080.0,568080.0,0.0,13040000000.0,0.0,8000.0,183350000.0,4450.0,102130000.0,256.0,872780.0,212.0,714300.0,2.190932668645776,152820604.0,,,,1000.0
2019-10-24T00:00:00,TCH,23.2,22.9,23.05,23.043408388836312,22.9,23.0,560030.0,560030.0,0.0,12905000000.0,0.0,22320.0,511890000.0,0.0,0.0,251.0,656050.0,227.0,665240.0,2.190932668645776,152809324.0,,,,1000.0
2019-10-25T00:00:00,TCH,22.9,21.95,22.9,22.25492391524574,22.0,22.9,937770.0,937770.0,0.0,20870000000.0,0.0,2390.0,52830000.0,21700.0,479310000.0,861.0,1277810.0,352.0,1313890.0,2.190932668645776,152826934.0,,,,1000.0
2019-10-28T00:00:00,TCH,22.15,21.9,22.05,22.03231378924906,22.05,22.0,492050.0,492050.0,0.0,10841000000.0,0.0,2390.0,52580000.0,28230.0,622470000.0,217.0,642060.0,167.0,635950.0,2.190932668645776,152828994.0,,,,1000.0
2019-10-29T00:00:00,TCH,22.3,21.95,22.0,22.08934572049812,22.15,22.05,1214160.0,1214160.0,0.0,26820000000.0,0.0,0.0,0.0,31200.0,690000000.0,395.0,2455150.0,214.0,1360130.0,2.190932668645776,152828994.0,,,,1000.0
2019-10-30T00:00:00,TCH,23.2,22.3,22.3,22.78443440494118,22.95,22.15,2290950.0,2290950.0,0.0,52198000000.0,0.0,207450.0,4731920000.0,0.0,0.0,767.0,2855560.0,533.0,2497510.0,2.190932668645776,152643244.0,,,,1000.0
2019-10-31T00:00:00,TCH,23.1,22.7,22.9,22.904220203508196,22.7,22.95,366570.0,366570.0,0.0,8396000000.0,0.0,9570.0,219030000.0,23770.0,539580000.0,259.0,591820.0,216.0,517450.0,2.190932668645776,152661904.0,,,,1000.0
2019-11-01T00:00:00,TCH,23.3,22.75,22.85,22.964046138743456,23.3,22.7,977920.0,977920.0,0.0,22457000000.0,0.0,77590.0,1782920000.0,4770.0,111140000.0,480.0,1154170.0,329.0,1311600.0,2.190932668645776,152615514.0,,,,1000.0
2019-11-04T00:00:00,TCH,23.4,23.1,23.35,23.277044723254594,23.35,23.3,1202730.0,1202730.0,0.0,27996000000.0,0.0,14090.0,328330000.0,4400.0,102440000.0,520.0,1390360.0,404.0,1502990.0,2.190932668645776,152601424.0,,,,1000.0
2019-11-05T00:00:00,TCH,23.5,23.35,23.4,23.43153380720202,23.5,23.35,680920.0,680920.0,0.0,15955000000.0,0.0,720.0,16880000.0,30.0,700000.0,497.0,924220.0,374.0,911990.0,2.190932668645776,152624474.0,,,,1000.0
2019-11-06T00:00:00,TCH,23.9,23.55,23.6,23.721893375529902,23.75,23.5,1023780.0,1023780.0,0.0,24286000000.0,0.0,9370.0,221940000.0,0.0,0.0,494.0,1271680.0,361.0,1234850.0,2.190932668645776,152619874.0,,,,1000.0
2019-11-07T00:00:00,TCH,24.0,23.6,23.6,23.78842199805524,23.75,23.75,1347210.0,1347210.0,0.0,32048000000.0,0.0,33150.0,790130000.0,0.0,0.0,606.0,1557860.0,456.0,1561780.0,2.190932668645776,152591124.0,,,,1000.0
2019-11-08T00:00:00,TCH,23.9,23.45,23.75,23.696017393023027,23.5,23.75,1011900.0,1011900.0,0.0,23978000000.0,0.0,2300.0,54350000.0,0.0,0.0,360.0,1106460.0,332.0,1276820.0,2.190932668645776,152588854.0,,,,1000.0
2019-11-11T00:00:00,TCH,23.65,23.5,23.55,23.543931611521497,23.65,23.5,1101940.0,1101940.0,0.0,25944000000.0,0.0,2240.0,52750000.0,0.0,0.0,283.0,1259660.0,257.0,1317480.0,2.190932668645776,152586614.0,,,,1000.0
2019-11-12T00:00:00,TCH,24.65,23.55,23.7,23.997267965279494,24.35,23.65,1859420.0,1859420.0,0.0,44621000000.0,0.0,30150.0,735530000.0,4000.0,97350000.0,499.0,2363220.0,488.0,2293510.0,2.190932668645776,152556464.0,,,,1000.0
2019-11-13T00:00:00,TCH,25.1,24.5,24.5,24.830802999817084,25.0,24.35,546700.0,546700.0,0.0,13575000000.0,0.0,105030.0,2620830000.0,0.0,0.0,331.0,1001170.0,322.0,976090.0,2.190932668645776,152451434.0,,,,1000.0
2019-11-14T00:00:00,TCH,25.95,24.95,24.95,25.57706780908587,25.6,25.0,1209130.0,1209130.0,0.0,30926000000.0,0.0,60440.0,1548360000.0,0.0,0.0,540.0,1682110.0,408.0,1599350.0,2.190932668645776,152390994.0,,,,1000.0
2019-11-15T00:00:00,TCH,26.25,25.65,25.65,26.021652807208106,26.15,25.6,1123180.0,1123180.0,0.0,29227000000.0,0.0,43600.0,1137430000.0,12800.0,330340000.0,580.0,1501550.0,384.0,1455530.0,2.190932668645776,152351394.0,,,,1000.0
2019-11-18T00:00:00,TCH,26.7,26.35,26.4,26.54064389277227,26.45,26.15,1291830.0,1291830.0,0.0,34286000000.0,0.0,20540.0,545650000.0,0.0,0.0,623.0,1540040.0,577.0,1724430.0,2.190932668645776,152330854.0,,,,1000.0
2019-11-19T00:00:00,TCH,26.65,25.7,26.45,26.15654112588582,25.7,26.45,1381490.0,1381490.0,0.0,36135000000.0,0.0,3920.0,104150000.0,5420.0,139580000.0,787.0,1593300.0,567.0,1897450.0,2.190932668645776,152327494.0,,,,1000.0
2019-11-20T00:00:00,TCH,26.35,25.25,25.6,25.896599542959823,26.25,25.7,2559950.0,2559950.0,0.0,66294000000.0,0.0,50230.0,1313300000.0,14100.0,368720000.0,590.0,3680460.0,459.0,3142350.0,2.190932668645776,152290064.0,,,,1000.0
2019-11-21T00:00:00,TCH,26.35,25.6,26.35,25.916535295148012,25.6,26.25,2283600.0,2283600.0,0.0,59183000000.0,0.0,14180.0,369330000.0,0.0,0.0,661.0,3006570.0,520.0,2854700.0,2.190932668645776,152275884.0,,,,1000.0
2019-11-22T00:00:00,TCH,26.9,25.6,25.65,26.46720898061859,26.9,25.6,4778290.0,4778290.0,0.0,126468000000.0,0.0,138730.0,3688100000.0,15550.0,417800000.0,1295.0,7257020.0,732.0,4824810.0,2.1524201804041465,152142574.0,,,,1000.0
2019-11-25T00:00:00,TCH,27.65,26.95,27.1,27.30096075072615,27.65,26.9,2685400.0,2685400.0,0.0,73314000000.0,0.0,20430.0,554480000.0,0.0,0.0,824.0,3194190.0,658.0,2924130.0,2.1524201804041465,152136244.0,,,,1000.0
2019-11-26T00:00:00,TCH,28.5,26.5,27.7,27.475808536224445,27.9,27.65,2669330.0,2669330.0,0.0,73342000000.0,0.0,2620.0,71260000.0,155630.0,4270860000.0,1057.0,3805180.0,798.0,3142470.0,2.1524201804041465,152133624.0,,,,1000.0
2019-11-27T00:00:00,TCH,27.5,26.95,27.2,27.336735512455803,27.5,27.9,1620530.0,1620530.0,0.0,44300000000.0,0.0,3460.0,93580000.0,40640.0,1111100000.0,565.0,2451320.0,424.0,1809920.0,2.1524201804041465,152145714.0,,,,1000.0
2019-11-28T00:00:00,TCH,28.4,27.45,27.5,28.09362189434551,28.35,27.5,2410120.0,2410120.0,0.0,67709000000.0,0.0,125950.0,3536040000.0,0.0,0.0,725.0,2993130.0,512.0,2590160.0,2.1524201804041465,152019764.0,,,,1000.0
2019-11-29T00:00:00,TCH,28.9,28.3,28.3,28.59726960446385,28.65,28.35,1697190.0,1697190.0,0.0,48535000000.0,0.0,5800.0,166860000.0,8600.0,246310000.0,632.0,2036930.0,468.0,2031300.0,2.1524201804041465,152169594.0,,,,1000.0
2019-12-02T00:00:00,TCH,28.8,27.9,28.75,28.326286192612308,28.0,28.65,1863640.0,1863640.0,0.0,52790000000.0,0.0,140.0,3980000.0,115240.0,3234390000.0,575.0,2037170.0,685.0,2529420.0,2.1524201804041465,152210094.0,,,,1000.0
2019-12-03T00:00:00,TCH,28.95,27.6,27.9,28.44112822208375,28.9,28.0,3145480.0,3145480.0,0.0,89461000000.0,0.0,67560.0,1912960000.0,1360.0,37760000.0,676.0,3772350.0,627.0,3431960.0,2.1524201804041465,152142534.0,,,,1000.0
2019-12-04T00:00:00,TCH,29.25,28.95,29.0,29.08583033554442,29.0,28.9,1442730.0,1442730.0,0.0,41963000000.0,0.0,13990.0,407720000.0,0.0,0.0,514.0,1677270.0,427.0,1811140.0,2.1524201804041465,152137144.0,,,,1000.0
2019-12-05T00:00:00,TCH,29.15,28.0,29.0,28.4770875499507,28.05,29.0,1541520.0,1541520.0,0.0,43898000000.0,0.0,13170.0,376870000.0,164410.0,4621630000.0,604.0,1804260.0,413.0,2302220.0,2.1524201804041465,152239494.0,,,,1000.0
2019-12-06T00:00:00,TCH,28.35,27.8,27.95,28.13123514409147,28.15,28.05,1152740.0,1152740.0,0.0,32428000000.0,0.0,49500.0,1388780000.0,16290.0,457750000.0,568.0,1408670.0,343.0,1378330.0,2.1524201804041465,152191354.0,,,,1000.0
2019-12-09T00:00:00,TCH,28.2,27.5,28.15,27.73174411841562,27.55,28.15,1186330.0,1186330.0,0.0,32899000000.0,0.0,2450.0,67590000.0,15640.0,430370000.0,363.0,1336620.0,457.0,1660040.0,2.1524201804041465,152188904.0,,,,1000.0
2019-12-10T00:00:00,TCH,27.75,26.85,27.4,27.464210704198152,27.5,27.55,1656920.0,1656920.0,0.0,45506000000.0,0.0,24690.0,681220000.0,4030.0,108810000.0,506.0,1958880.0,355.0,1883610.0,2.1524201804041465,152328904.0,,,,1000.0
2019-12-11T00:00:00,TCH,29.1,27.6,27.6,28.401789379329987,29.1,27.5,2387420.0,2387420.0,0.0,67807000000.0,0.0,158870.0,4524690000.0,0.0,0.0,671.0,3321430.0,481.0,2577130.0,2.1524201804041465,152186324.0,,,,1000.0
2019-12-12T00:00:00,TCH,30.4,29.2,29.2,29.972441804806184,30.2,29.1,2151810.0,2151810.0,0.0,64495000000.0,0.0,83880.0,2516550000.0,0.0,0.0,579.0,2871760.0,389.0,2496600.0,2.1524201804041465,152118084.0,,,,1000.0
2019-12-13T00:00:00,TCH,30.35,29.55,30.3,29.958633695288498,29.6,30.2,1315080.0,1315080.0,0.0,39398000000.0,0.0,17990.0,536480000.0,27320.0,808200000.0,459.0,1452120.0,434.0,1834910.0,2.1524201804041465,152104124.0,,,,1000.0
2019-12-16T00:00:00,TCH,29.6,28.7,29.6,29.23585720089376,29.2,29.6,1575360.0,1575360.0,0.0,46057000000.0,0.0,3760.0,109600000.0,33650.0,974410000.0,410.0,1781520.0,350.0,1831130.0,2.1524201804041465,152100364.0,,,,1000.0
2019-12-17T00:00:00,TCH,29.75,28.95,29.0,29.43111710036475,29.4,29.2,2656610.0,2656610.0,0.0,78187000000.0,0.0,87890.0,2589510000.0,30.0,870000.0,569.0,3117660.0,396.0,2909400.0,2.1524201804041465,152012474.0,,,,1000.0
2019-12-18T00:00:00,TCH,29.65,29.2,29.3,29.40918446536424,29.5,29.4,1481850.0,1481850.0,0.0,43580000000.0,0.0,32380.0,953110000.0,27660.0,809620000.0,479.0,1665070.0,326.0,1995180.0,2.1524201804041465,152007414.0,,,,1000.0
2019-12-19T00:00:00,TCH,29.7,27.9,29.4,28.85985959299742,28.05,29.5,1125300.0,1125300.0,0.0,32476000000.0,0.0,18410.0,541250000.0,98840.0,2787910000.0,688.0,1668430.0,491.0,1734310.0,2.1524201804041465,152022654.0,,,,1000.0
2019-12-20T00:00:00,TCH,28.25,27.95,28.0,28.12348167861986,28.1,28.05,1378990.0,1378990.0,0.0,38782000000.0,0.0,23100.0,649680000.0,653070.0,18351400000.0,425.0,2064900.0,169.0,1461290.0,2.1524201804041465,151999584.0,,,,1000.0
2019-12-23T00:00:00,TCH,30.05,28.4,28.4,29.270286236839336,30.05,28.1,2471380.0,2471380.0,0.0,72338000000.0,0.0,80550.0,2350480000.0,3000.0,90150000.0,800.0,3813730.0,358.0,2579510.0,2.1524201804041465,151946694.0,,,,1000.0
2019-12-24T00:00:00,TCH,30.65,29.7,29.8,30.200475811195616,30.1,30.05,1920930.0,1920930.0,0.0,58013000000.0,0.0,79780.0,2412930000.0,0.0,0.0,1133.0,2287780.0,427.0,2439290.0,2.1524201804041465,151965754.0,,,,1000.0
2019-12-25T00:00:00,TCH,30.5,30.0,30.0,30.30132664933199,30.4,30.1,1280670.0,1280670.0,0.0,38806000000.0,0.0,37690.0,1140260000.0,0.0,0.0,631.0,1444030.0,287.0,1792150.0,2.1524201804041465,152581134.0,,,,1000.0
2019-12-26T00:00:00,TCH,31.4,30.35,30.4,30.972198901388857,31.2,30.4,1667560.0,1667560.0,0.0,51648000000.0,0.0,97690.0,3024370000.0,3000.0,93400000.0,929.0,2328640.0,439.0,1951460.0,2.1524201804041465,152486444.0,,,,1000.0
2019-12-27T00:00:00,TCH,31.8,30.95,31.0,31.55495198370356,31.7,31.2,1752530.0,1752530.0,0.0,55301000000.0,0.0,174360.0,5518900000.0,520.0,16430000.0,1305.0,1921430.0,357.0,2055120.0,2.1524201804041465,152312084.0,,,,1000.0
2019-12-30T00:00:00,TCH,32.25,31.5,31.5,31.9814689297119,32.1,31.7,1431110.0,1431110.0,0.0,45769000000.0,0.0,40450.0,1295680000.0,3660.0,117850000.0,922.0,1593620.0,288.0,1764220.0,2.1524201804041465,152271634.0,,,,1000.0
2019-12-31T00:00:00,TCH,32.8,32.1,32.1,32.53087883073251,32.65,32.1,1223330.0,1223330.0,0.0,39796000000.0,0.0,47010.0,1534190000.0,3890.0,127010000.0,1067.0,1365640.0,306.0,1555030.0,2.1524201804041465,152227624.0,,,,1000.0
2020-01-02T00:00:00,TCH,33.3,32.55,32.55,33.01246523928981,33.3,32.65,1542690.0,1542690.0,0.0,50928000000.0,0.0,102360.0,3389780000.0,1000.0,33050000.0,957.0,2236740.0,332.0,1799680.0,2.1524201804041465,152125784.0,,,,1000.0
2020-01-03T00:00:00,TCH,34.0,33.3,33.3,33.78177309361438,33.7,33.3,1290400.0,1290400.0,0.0,43592000000.0,0.0,15620.0,525160000.0,0.0,0.0,556.0,1490070.0,265.0,1585380.0,2.1524201804041465,152113824.0,,,,1000.0
2020-01-06T00:00:00,TCH,33.9,33.5,33.7,33.72706469161517,33.6,33.7,729770.0,729770.0,0.0,24613000000.0,0.0,27220.0,917460000.0,11040.0,372480000.0,1149.0,1027030.0,425.0,1105830.0,2.1524201804041465,152090494.0,,,,1000.0
2020-01-07T00:00:00,TCH,34.35,33.65,33.7,34.02014998863723,34.1,33.6,1188090.0,1188090.0,0.0,40419000000.0,0.0,35070.0,1192730000.0,12950.0,437580000.0,716.0,1390690.0,432.0,1331870.0,2.1524201804041465,152056424.0,,,,1000.0
2020-01-08T00:00:00,TCH,34.3,34.05,34.15,34.18541762334813,34.2,34.1,783960.0,783960.0,0.0,26800000000.0,0.0,15750.0,538290000.0,0.0,0.0,881.0,837700.0,290.0,1088470.0,2.1524201804041465,152040674.0,,,,1000.0
2020-01-09T00:00:00,TCH,34.55,34.2,34.2,34.40799455057745,34.35,34.2,1291880.0,1291880.0,0.0,44451000000.0,0.0,19450.0,668850000.0,0.0,0.0,505.0,1404870.0,275.0,1546170.0,2.1524201804041465,152032264.0,,,,1000.0
2020-01-10T00:00:00,TCH,34.65,34.35,34.35,34.475042862539595,34.65,34.35,1032370.0,1032370.0,0.0,35591000000.0,0.0,11310.0,390260000.0,0.0,0.0,451.0,1163530.0,1301.0,1230760.0,2.1524201804041465,152033904.0,,,,1000.0
2020-01-13T00:00:00,TCH,34.9,34.65,34.65,34.80369432656991,34.9,34.65,1121720.0,1121720.0,0.0,39040000000.0,0.0,11940.0,415950000.0,6870.0,238960000.0,375.0,1246510.0,208.0,1322960.0,2.1524201804041465,152021964.0,,,,1000.0
2020-01-14T00:00:00,TCH,36.65,34.9,34.9,35.43339404355745,36.6,34.9,779660.0,779660.0,0.0,27626000000.0,0.0,48440.0,1726480000.0,0.0,0.0,1778.0,1089210.0,331.0,972860.0,2.1524201804041465,151973524.0,,,,1000.0
2020-01-15T00:00:00,TCH,39.15,36.6,36.6,38.5116296476488,39.0,36.6,534410.0,534410.0,0.0,20581000000.0,0.0,12290.0,464550000.0,16870.0,657890000.0,502.0,839810.0,396.0,812400.0,2.1524201804041465,151961234.0,,,,1000.0
2020-01-16T00:00:00,TCH,39.8,38.95,39.0,39.08280954415085,38.95,39.0,655480.0,655480.0,0.0,25618000000.0,0.0,2020.0,78880000.0,23590.0,923110000.0,422.0,778040.0,430.0,848720.0,2.1524201804041465,151966084.0,,,,1000.0
2020-01-17T00:00:00,TCH,39.6,38.9,39.0,39.4102601051949,39.6,38.95,1110320.0,1110320.0,0.0,43758000000.0,0.0,1310.0,51710000.0,39070.0,1531490000.0,464.0,1183720.0,313.0,1292200.0,2.1524201804041465,151964774.0,,,,1000.0
2020-01-20T00:00:00,TCH,39.75,39.6,39.6,39.71100407558355,39.7,39.6,809700.0,809700.0,0.0,32154000000.0,0.0,3230.0,128260000.0,400.0,15880000.0,294.0,887710.0,236.0,1047940.0,2.1524201804041465,151978414.0,,,,1000.0
2020-01-21T00:00:00,TCH,40.0,39.7,39.7,39.84136912287239,40.0,39.7,751430.0,751430.0,0.0,29938000000.0,0.0,1870.0,74560000.0,0.0,0.0,314.0,871260.0,181.0,922380.0,2.1524201804041465,152000134.0,,,,1000.0
2020-01-22T00:00:00,TCH,40.55,40.0,40.0,40.27525126199463,40.55,40.0,1759120.0,1759120.0,0.0,70849000000.0,0.0,114070.0,4594170000.0,0.0,0.0,1519.0,1998400.0,273.0,1871230.0,2.1524201804041465,151925134.0,,,,1000.0
2020-01-30T00:00:00,TCH,40.65,40.5,40.5,40.60293389614112,40.65,40.55,767580.0,767580.0,0.0,31166000000.0,0.0,28230.0,1145300000.0,64280.0,2608370000.0,2269.0,833890.0,380.0,921500.0,2.1524201804041465,151897304.0,,,,1000.0
2020-01-31T00:00:00,TCH,41.05,40.6,40.65,40.85812700834547,41.05,40.65,865140.0,865140.0,0.0,35348000000.0,0.0,4520.0,184530000.0,12410.0,505030000.0,571.0,1034790.0,308.0,1054470.0,2.1524201804041465,151892784.0,,,,1000.0
2020-02-03T00:00:00,TCH,41.1,40.4,41.05,40.89462678425311,40.9,41.05,549950.0,549950.0,0.0,22490000000.0,0.0,15620.0,638490000.0,1200.0,49060000.0,843.0,593320.0,417.0,865410.0,2.1524201804041465,151877164.0,,,,1000.0
2020-02-04T00:00:00,TCH,41.25,40.95,40.95,41.11064051606177,41.2,40.9,613880.0,613880.0,0.0,25237000000.0,0.0,1060.0,43620000.0,0.0,0.0,548.0,731290.0,193.0,790600.0,2.1524201804041465,151940384.0,,,,1000.0
2020-02-05T00:00:00,TCH,41.75,41.2,41.2,41.5832088887671,41.75,41.2,729910.0,729910.0,0.0,30352000000.0,0.0,15300.0,637390000.0,0.0,0.0,471.0,878780.0,266.0,911040.0,2.1524201804041465,151937494.0,,,,1000.0
2020-02-06T00:00:00,TCH,42.5,41.75,41.75,42.20825494555612,42.5,41.75,701640.0,701640.0,0.0,29615000000.0,0.0,40670.0,1713200000.0,0.0,0.0,470.0,1028270.0,234.0,865810.0,2.1524201804041465,151898024.0,,,,1000.0
2020-02-07T00:00:00,TCH,43.05,42.5,42.5,42.8417525956268,43.05,42.5,844690.0,844690.0,0.0,36188000000.0,0.0,32720.0,1403660000.0,0.0,0.0,549.0,1081160.0,310.0,1032690.0,2.1524201804041465,151865304.0,,,,1000.0
2020-02-10T00:00:00,TCH,44.05,43.05,43.1,43.59588003635262,44.05,43.05,660200.0,660200.0,0.0,28782000000.0,0.0,36390.0,1586650000.0,390.0,17040000.0,701.0,945710.0,292.0,805820.0,2.1524201804041465,151828914.0,,,,1000.0
2020-02-11T00:00:00,TCH,44.85,44.05,44.1,44.50661165610484,44.8,44.05,673810.0,673810.0,0.0,29989000000.0,0.0,17780.0,786820000.0,300.0,13410000.0,862.0,983540.0,272.0,866360.0,2.1524201804041465,151811134.0,,,,1000.0
2020-02-12T00:00:00,TCH,45.15,44.8,44.8,45.01786363085866,45.1,44.8,660560.0,660560.0,0.0,29737000000.0,0.0,91410.0,4117740000.0,30300.0,1363820000.0,914.0,845730.0,459.0,907750.0,2.1524201804041465,151719724.0,,,,1000.0
2020-02-13T00:00:00,TCH,45.4,45.1,45.15,45.33622559652929,45.4,45.1,626960.0,626960.0,0.0,28424000000.0,0.0,2370.0,107420000.0,20000.0,905310000.0,613.0,727100.0,350.0,855030.0,2.1524201804041465,151717744.0,,,,1000.0
2020-02-14T00:00:00,TCH,45.55,43.9,45.4,44.43590350047304,44.25,45.4,1183840.0,1183840.0,0.0,52605000000.0,0.0,1890.0,83750000.0,130700.0,5785650000.0,3970.0,1263530.0,1316.0,1763470.0,2.1524201804041465,151716154.0,,,,1000.0
2020-02-17T00:00:00,TCH,44.45,44.1,44.2,44.35381577045969,44.45,44.25,622810.0,622810.0,0.0,27624000000.0,0.0,0.0,0.0,94660.0,4192000000.0,692.0,686020.0,615.0,871400.0,2.1524201804041465,151746454.0,,,,1000.0
2020-02-18T00:00:00,TCH,44.65,44.1,44.45,44.47372070447927,44.4,44.45,288440.0,288440.0,0.0,12828000000.0,0.0,17190.0,763240000.0,37050.0,1646090000.0,1053.0,323650.0,323.0,546640.0,2.1524201804041465,151749264.0,,,,1000.0
2020-02-19T00:00:00,TCH,44.55,44.25,44.4,44.41639659300034,44.4,44.4,614030.0,614030.0,0.0,27273000000.0,0.0,0.0,0.0,115820.0,5142350000.0,665.0,667580.0,699.0,1016930.0,2.1524201804041465,151879964.0,,,,1000.0
2020-02-20T00:00:00,TCH,44.55,44.25,44.4,44.43365892131287,44.5,44.4,494490.0,494490.0,0.0,21972000000.0,0.0,0.0,0.0,146590.0,6513840000.0,480.0,541630.0,372.0,771200.0,2.1524201804041465,151974624.0,,,,1000.0
2020-02-21T00:00:00,TCH,44.85,43.95,44.0,44.50183953324167,44.65,44.5,538180.0,538180.0,0.0,23950000000.0,0.0,2380.0,106340000.0,47740.0,2125040000.0,1598.0,769510.0,192.0,702990.0,2.1524201804041465,152009294.0,,,,1000.0
2020-02-24T00:00:00,TCH,43.1,41.55,43.05,42.48132252424098,41.55,44.65,1132380.0,1132380.0,0.0,48105000000.0,0.0,1500.0,62330000.0,10420.0,441810000.0,526.0,1132500.0,524.0,1512720.0,2.1524201804041465,152123614.0,,,,1000.0
2020-02-25T00:00:00,TCH,39.45,38.65,39.05,39.0257242003621,38.75,41.55,1060480.0,1060480.0,0.0,41386000000.0,0.0,2000.0,78800000.0,37070.0,1440150000.0,1284.0,1541660.0,334.0,1321640.0,2.1524201804041465,152268204.0,,,,1000.0
2020-02-26T00:00:00,TCH,38.7,36.35,36.5,36.682275168709545,36.55,38.75,1742640.0,1742640.0,0.0,63924000000.0,0.0,49520.0,1818650000.0,46530.0,1702270000.0,559.0,1946350.0,393.0,1912240.0,2.1524201804041465,152266424.0,,,,1000.0
2020-02-27T00:00:00,TCH,35.05,34.15,35.0,34.85754281949934,34.15,36.55,1214400.0,1214400.0,0.0,42331000000.0,0.0,59710.0,2069640000.0,109310.0,3754850000.0,463.0,1249130.0,189.0,1465150.0,2.1524201804041465,152217134.0,,,,1000.0
2020-02-28T00:00:00,TCH,34.2,31.8,34.15,33.334943530389246,31.8,34.15,1035070.0,1035070.0,0.0,34504000000.0,0.0,66390.0,2147510000.0,40670.0,1314630000.0,872.0,1040970.0,208.0,1621940.0,2.1524201804041465,152187814.0,,,,1000.0
2020-03-02T00:00:00,TCH,33.9,31.15,31.15,32.368952749968834,33.9,31.8,5053330.0,5053330.0,0.0,163571000000.0,0.0,190460.0,6154060000.0,97360.0,3084970000.0,5317.0,6002200.0,552.0,5124940.0,2.1524201804041465,152043884.0,,,,1000.0
2020-03-03T00:00:00,TCH,34.75,33.3,33.8,34.305704236121734,34.45,33.9,4446520.0,4446520.0,0.0,152541000000.0,0.0,338920.0,11606850000.0,77520.0,2664030000.0,2192.0,4975750.0,614.0,4607740.0,2.1524201804041465,151814274.0,,,,1000.0
2020-03-04T00:00:00,TCH,34.55,33.4,34.5,33.99288870375054,33.5,34.45,1344340.0,1344340.0,0.0,45698000000.0,0.0,2770.0,95430000.0,50110.0,1683530000.0,1039.0,1433730.0,479.0,1627700.0,2.1524201804041465,151852174.0,,,,1000.0
2020-03-05T00:00:00,TCH,32.9,31.2,31.7,31.73383945517472,32.9,33.5,2239250.0,2239250.0,0.0,71060000000.0,0.0,86210.0,2755460000.0,21780.0,684370000.0,1633.0,2710370.0,587.0,2647200.0,2.1524201804041465,151863324.0,,,,1000.0
2020-03-06T00:00:00,TCH,31.6,30.65,31.5,31.306737685680062,31.25,32.9,1644630.0,1644630.0,0.0,51488000000.0,0.0,31790.0,994220000.0,16900.0,528150000.0,1491.0,1798940.0,630.0,1979110.0,2.1524201804041465,151909054.0,,,,1000.0
2020-03-09T00:00:00,TCH,29.2,29.1,29.1,29.196894025008202,29.1,31.25,822930.0,822930.0,0.0,24027000000.0,0.0,0.0,0.0,0.0,0.0,40.0,822930.0,227.0,1253590.0,2.1524201804041465,151959164.0,,,,1000.0
2020-03-10T00:00:00,TCH,27.2,27.1,27.1,27.10070986659539,27.1,29.1,1272070.0,1272070.0,0.0,34474000000.0,0.0,45600.0,1235760000.0,82450.0,2234410000.0,1124.0,1272070.0,417.0,1697190.0,2.1524201804041465,151935340.0,,,,1000.0
2020-03-11T00:00:00,TCH,26.3,25.25,26.0,25.9065212015252,25.25,27.1,1738790.0,1738790.0,0.0,45046000000.0,0.0,76050.0,1968130000.0,87230.0,2241580000.0,1180.0,2215270.0,423.0,2349930.0,2.1524201804041465,151876190.0,,,,1000.0
2020-03-12T00:00:00,TCH,23.85,23.5,23.5,23.68612205227889,23.5,25.25,1015970.0,977450.0,38520.0,24057220000.0,905220000.0,33810.0,794540000.0,42590.0,1000880000.0,127.0,977450.0,246.0,1515280.0,2.1524201804041465,151842380.0,0.0,905220000.0,905220000.0,1000.0
2020-03-13T00:00:00,TCH,21.9,21.9,21.9,21.9,21.9,23.5,714270.0,714270.0,0.0,15642513000.0,0.0,28000.0,613200000.0,35420.0,775700000.0,1464.0,714270.0,229.0,1880900.0,2.1524201804041465,151896830.0,,,,1000.0
2020-03-16T00:00:00,TCH,23.4,20.5,20.5,22.148376681722702,23.4,21.9,6621930.0,6621930.0,0.0,146665000000.0,0.0,510630.0,11325310000.0,11280.0,259300000.0,3133.0,7660070.0,852.0,6963590.0,2.1524201804041465,151473430.0,,,,1000.0
2020-03-17T00:00:00,TCH,25.0,21.95,21.95,23.562942837355493,24.2,23.4,750840.0,750840.0,0.0,17692000000.0,0.0,72750.0,1725100000.0,64330.0,1536500000.0,1257.0,1242310.0,459.0,1389920.0,2.1524201804041465,151443270.0,-845514000.0,0.0,-845514000.0,1000.0
2020-03-18T00:00:00,TCH,24.5,22.55,24.5,23.54694054679589,24.2,24.2,691300.0,691300.0,0.0,16278000000.0,0.0,47040.0,1115270000.0,222160.0,5206570000.0,2195.0,896380.0,945.0,1132970.0,2.1524201804041465,151431650.0,,,,1000.0
2020-03-19T00:00:00,TCH,22.55,22.55,22.55,22.55,22.55,24.2,212900.0,212900.0,0.0,4800895000.0,0.0,10000.0,225500000.0,0.0,0.0,1706.0,212900.0,354.0,1592700.0,2.1524201804041465,151432930.0,,,,1000.0
2020-03-20T00:00:00,TCH,21.4,21.0,21.0,21.027313493681206,21.0,22.55,1962400.0,1962400.0,0.0,41264000000.0,0.0,203180.0,4266780000.0,34550.0,729570000.0,2956.0,1977200.0,517.0,3377620.0,2.1524201804041465,151294080.0,,,,1000.0
2020-03-23T00:00:00,TCH,19.8,19.55,19.55,19.734557546864423,19.55,21.0,339810.0,339810.0,0.0,6706000000.0,0.0,10000.0,195500000.0,8850.0,174350000.0,67.0,339810.0,279.0,1631880.0,2.1524201804041465,151506240.0,,,,1000.0
2020-03-24T00:00:00,TCH,18.2,18.2,18.2,18.2,18.2,19.55,126240.0,126240.0,0.0,2297568000.0,0.0,34730.0,632090000.0,11790.0,214580000.0,55.0,126240.0,278.0,1086440.0,2.1524201804041465,160981953.0,,,,1000.0
2020-03-25T00:00:00,TCH,18.9,16.95,17.4,17.770245519262424,18.25,18.2,2265810.0,2265810.0,0.0,40264000000.0,0.0,54590.0,990220000.0,211340.0,3724130000.0,8129.0,3108390.0,684.0,2693550.0,2.1524201804041465,160961913.0,,,,1000.0
2020-03-26T00:00:00,TCH,18.35,17.0,17.7,17.43923643224446,17.15,18.25,540620.0,540620.0,0.0,9428000000.0,0.0,17480.0,309160000.0,1800.0,31380000.0,609.0,586790.0,285.0,836360.0,2.1524201804041465,160953283.0,,,,1000.0
2020-03-27T00:00:00,TCH,18.05,17.15,17.15,17.709961566045717,17.6,17.15,1087580.0,1087580.0,0.0,19261000000.0,0.0,66140.0,1179600000.0,57070.0,999430000.0,1865.0,1351480.0,353.0,1460960.0,2.1524201804041465,160898933.0,,,,1000.0
2020-03-30T00:00:00,TCH,17.05,16.4,17.0,16.59065649791132,16.75,17.6,260930.0,260930.0,0.0,4329000000.0,0.0,20280.0,335820000.0,14060.0,233400000.0,613.0,563070.0,472.0,663010.0,2.1524201804041465,161089993.0,,,,1000.0
2020-03-31T00:00:00,TCH,17.05,16.25,16.65,16.730435431792305,16.5,16.75,535790.0,535790.0,0.0,8964000000.0,0.0,6830.0,112460000.0,199010.0,3316030000.0,933.0,645050.0,803.0,941620.0,2.1524201804041465,161084963.0,,,,1000.0
2020-04-01T00:00:00,TCH,16.75,16.25,16.5,16.580170991450426,16.65,16.5,333350.0,333350.0,0.0,5527000000.0,0.0,66490.0,1107980000.0,87320.0,1442230000.0,325.0,585640.0,293.0,646290.0,2.1524201804041465,161075543.0,,,,1000.0
2020-04-03T00:00:00,TCH,16.85,16.55,16.65,16.731517509727627,16.85,16.65,151630.0,151630.0,0.0,2537000000.0,0.0,40290.0,677750000.0,59460.0,992080000.0,339.0,381280.0,364.0,429700.0,2.1524201804041465,161049313.0,,,,1000.0
2020-04-06T00:00:00,TCH,18.0,16.9,16.9,17.653121021682463,18.0,16.85,1484610.0,1484610.0,0.0,26208000000.0,0.0,0.0,0.0,15470.0,276490000.0,438.0,7192400.0,76.0,1484660.0,2.1524201804041465,161248323.0,,,,1000.0
2020-04-07T00:00:00,TCH,19.25,19.25,19.25,19.25,19.25,18.0,589390.0,589390.0,0.0,11345757500.0,0.0,0.0,0.0,46410.0,893390000.0,401.0,8720150.0,59.0,589390.0,2.1524201804041465,161335643.0,,,,1000.0
2020-04-08T00:00:00,TCH,20.55,18.85,20.55,20.470956850683212,20.55,19.25,4525680.0,4525680.0,0.0,92645000000.0,0.0,1000.0,20550000.0,4350.0,82710000.0,2703.0,10396870.0,212.0,4639570.0,2.1524201804041465,161394103.0,,,,1000.0
2020-04-09T00:00:00,TCH,21.35,20.5,21.35,20.88508456877047,20.7,20.55,632030.0,632030.0,0.0,13200000000.0,0.0,71880.0,1508920000.0,168940.0,3506680000.0,881.0,923740.0,455.0,1370810.0,2.1524201804041465,161337693.0,,,,1000.0
2020-04-10T00:00:00,TCH,20.7,19.5,19.7,20.048488921961642,20.0,20.7,416590.0,416590.0,0.0,8352000000.0,0.0,17640.0,353920000.0,15990.0,317370000.0,758.0,602640.0,413.0,749980.0,2.1524201804041465,161366463.0,,,,1000.0
2020-04-13T00:00:00,TCH,19.85,18.65,19.3,19.31838657365698,19.7,20.0,388490.0,388490.0,0.0,7505000000.0,0.0,48690.0,947270000.0,8340.0,160230000.0,2408.0,831800.0,337.0,659450.0,2.1524201804041465,161322123.0,,,,1000.0
2020-04-14T00:00:00,TCH,19.55,18.9,19.25,19.098373852841732,19.05,19.7,310550.0,310550.0,0.0,5931000000.0,0.0,22640.0,431480000.0,23380.0,446360000.0,1570.0,585120.0,370.0,540550.0,2.1524201804041465,161468423.0,,,,1000.0
2020-04-15T00:00:00,TCH,20.35,19.1,19.1,19.943758270842523,19.5,19.05,544080.0,544080.0,0.0,10851000000.0,0.0,14860.0,297640000.0,131690.0,2614630000.0,2693.0,970970.0,281.0,772000.0,2.1524201804041465,161469553.0,,,,1000.0
2020-04-16T00:00:00,TCH,20.2,19.5,19.65,19.75506593315456,19.8,19.5,361730.0,361730.0,0.0,7146000000.0,0.0,19700.0,389210000.0,95490.0,1882590000.0,1414.0,645680.0,285.0,710270.0,2.1524201804041465,161458193.0,,,,1000.0
2020-04-17T00:00:00,TCH,21.15,19.75,19.9,20.66393053991584,21.15,19.8,1349840.0,1349840.0,0.0,27893000000.0,0.0,4520.0,90900000.0,100660.0,2065280000.0,4386.0,6939100.0,635.0,2256410.0,2.1524201804041465,161477053.0,,,,1000.0
2020-04-20T00:00:00,TCH,22.6,21.65,22.0,22.12859006163525,22.0,21.15,782020.0,782020.0,0.0,17305000000.0,0.0,18480.0,408430000.0,41150.0,911340000.0,1191.0,1217240.0,551.0,1223970.0,2.1524201804041465,161590263.0,,,,1000.0
2020-04-21T00:00:00,TCH,21.4,20.5,21.0,20.791831333488314,20.5,22.0,559210.0,559210.0,0.0,11627000000.0,0.0,17340.0,357970000.0,98960.0,2052620000.0,747.0,765790.0,609.0,1475000.0,2.1524201804041465,161668413.0,,,,1000.0
2020-04-22T00:00:00,TCH,20.3,19.2,19.35,19.681349578256796,20.3,20.5,512160.0,512160.0,0.0,10080000000.0,0.0,7350.0,148070000.0,93050.0,1827830000.0,1008.0,1105940.0,524.0,872090.0,2.1524201804041465,161761723.0,,,,1000.0
2020-04-23T00:00:00,TCH,20.95,20.05,20.9,20.428522242723332,20.7,20.3,1132730.0,1132730.0,0.0,23140000000.0,0.0,5420.0,111960000.0,96710.0,1969200000.0,2140.0,2803280.0,723.0,1680690.0,2.1524201804041465,161797453.0,,,,1000.0
2020-04-24T00:00:00,TCH,20.7,19.9,20.5,20.143159800069935,20.25,20.7,486170.0,486170.0,0.0,9793000000.0,0.0,13830.0,277760000.0,13340.0,268690000.0,818.0,935010.0,379.0,733340.0,2.1524201804041465,161882583.0,,,,1000.0
2020-04-27T00:00:00,TCH,21.35,20.45,20.45,20.926525673629374,21.0,20.25,1380210.0,1380210.0,0.0,28883000000.0,0.0,16660.0,349740000.0,0.0,0.0,1200.0,2122170.0,544.0,1975840.0,2.1524201804041465,161958973.0,-36750000.0,0.0,-36750000.0,1000.0
2020-04-28T00:00:00,TCH,21.35,20.15,21.0,20.592503628083872,20.6,21.0,799320.0,799320.0,0.0,16460000000.0,0.0,16000.0,332500000.0,40270.0,829080000.0,1026.0,1325860.0,517.0,1185580.0,2.1524201804041465,162039683.0,,,,1000.0
2020-04-29T00:00:00,TCH,21.4,20.6,20.65,21.012110652395954,21.2,20.6,1165090.0,1165090.0,0.0,24481000000.0,0.0,44860.0,949040000.0,20100.0,424230000.0,1888.0,2058110.0,745.0,1914890.0,2.1524201804041465,162008163.0,,,,1000.0
2020-05-04T00:00:00,TCH,21.25,20.35,20.8,20.91782414489384,21.0,21.2,817150.0,817150.0,0.0,17093000000.0,0.0,30160.0,631830000.0,8820.0,180730000.0,2219.0,1493250.0,463.0,1205490.0,2.1524201804041465,161978003.0,,,,1000.0
2020-05-05T00:00:00,TCH,22.3,20.1,20.1,20.917694572172344,21.95,21.0,2055150.0,2055150.0,0.0,42989000000.0,0.0,16650.0,347630000.0,23740.0,517540000.0,2350.0,3235390.0,624.0,2861080.0,2.1524201804041465,162001623.0,,,,1000.0
2020-05-06T00:00:00,TCH,22.5,21.7,21.9,22.07707555761916,22.15,21.95,1119940.0,1119940.0,0.0,24725000000.0,0.0,37010.0,810510000.0,21760.0,478460000.0,1120.0,1786630.0,645.0,1736100.0,2.1524201804041465,161984713.0,,,,1000.0
2020-05-07T00:00:00,TCH,22.2,21.8,22.2,21.979854274685366,21.95,22.15,437810.0,437810.0,0.0,9623000000.0,0.0,10060.0,221070000.0,10330.0,226490000.0,1030.0,842760.0,435.0,883410.0,2.1524201804041465,161983473.0,,,,1000.0
2020-05-08T00:00:00,TCH,22.45,21.7,21.95,22.058161712706,22.05,21.95,1399890.0,1399890.0,0.0,30879000000.0,0.0,64150.0,1416320000.0,5360.0,118060000.0,1949.0,2343330.0,705.0,2175370.0,2.1524201804041465,161943063.0,,,,1000.0
2020-05-11T00:00:00,TCH,23.3,21.8,21.8,22.436981466138533,23.3,22.05,1762180.0,1762180.0,0.0,39538000000.0,0.0,181990.0,4107050000.0,4500.0,103630000.0,1840.0,2924420.0,891.0,2234350.0,2.1524201804041465,161782833.0,,,,1000.0
2020-05-12T00:00:00,TCH,23.55,22.8,23.4,23.165101098551187,23.35,23.3,816530.0,816530.0,0.0,18915000000.0,0.0,10340.0,240790000.0,27260.0,628030000.0,1410.0,1354620.0,617.0,1340620.0,2.1524201804041465,161782823.0,,,,1000.0
2020-05-13T00:00:00,TCH,23.1,22.0,23.0,22.79837488144279,23.0,23.35,706410.0,706410.0,0.0,16105000000.0,0.0,8340.0,190460000.0,15050.0,339680000.0,1493.0,1263230.0,508.0,1209280.0,2.1524201804041465,161779843.0,,,,1000.0
2020-05-14T00:00:00,TCH,23.25,22.2,22.6,22.76616099494328,22.95,23.0,1463400.0,1463400.0,0.0,33316000000.0,0.0,16160.0,368080000.0,4270.0,95830000.0,1638.0,2484430.0,625.0,2380660.0,2.1524201804041465,161768183.0,,,,1000.0
2020-05-15T00:00:00,TCH,23.5,22.65,23.1,23.067104934355957,23.0,22.95,2601150.0,2601150.0,0.0,60001000000.0,0.0,10630.0,246020000.0,45900.0,1048240000.0,4310.0,5734990.0,826.0,3693420.0,2.1524201804041465,161784813.0,142593000.0,0.0,142593000.0,1000.0
2020-05-18T00:00:00,TCH,23.3,22.5,22.6,22.854157936731166,23.0,23.0,1762090.0,1742090.0,20000.0,40242000000.0,428000000.0,4500.0,103500000.0,90350.0,2052630000.0,1655.0,3639080.0,781.0,2606640.0,2.1524201804041465,161795363.0,26105000.0,0.0,26105000.0,1000.0
2020-05-19T00:00:00,TCH,23.4,22.75,23.05,23.12244298467813,22.75,23.0,2348930.0,2348930.0,0.0,54313000000.0,0.0,7500.0,171230000.0,47650.0,1091980000.0,2513.0,5695640.0,792.0,3248930.0,2.1524201804041465,161792133.0,,,,1000.0
2020-05-20T00:00:00,TCH,22.65,22.3,22.5,22.497982243744953,22.3,22.75,396480.0,396480.0,0.0,8920000000.0,0.0,12680.0,284830000.0,18800.0,423320000.0,533.0,633590.0,454.0,974820.0,2.1524201804041465,161825353.0,,,,1000.0
2020-05-21T00:00:00,TCH,22.5,22.05,22.35,22.311321907928516,22.2,22.3,409030.0,409030.0,0.0,9126000000.0,0.0,17300.0,385440000.0,58180.0,1298980000.0,487.0,687520.0,456.0,932070.0,2.1524201804041465,161898403.0,,,,1000.0
2020-05-22T00:00:00,TCH,22.85,21.6,22.3,22.401598714758723,22.75,22.2,3062460.0,3062460.0,0.0,68604000000.0,0.0,31690.0,704310000.0,34700.0,760410000.0,5905.0,5952300.0,1151.0,4488010.0,2.1524201804041465,161914363.0,,,,1000.0
2020-05-25T00:00:00,TCH,24.1,22.9,23.0,23.41715078761142,23.3,22.75,2983070.0,2983070.0,0.0,69855000000.0,0.0,52680.0,1234280000.0,36880.0,858610000.0,2033.0,4357420.0,1261.0,4416880.0,2.1524201804041465,161880483.0,,,,1000.0
2020-05-26T00:00:00,TCH,23.65,22.65,23.4,23.144019500428907,23.5,23.3,3532230.0,3532230.0,0.0,81750000000.0,0.0,16290.0,377560000.0,62920.0,1443290000.0,2248.0,5297730.0,1154.0,4596980.0,2.1524201804041465,161922373.0,,,,1000.0
2020-05-27T00:00:00,TCH,23.55,22.0,23.5,22.69000580170387,22.0,23.5,1309960.0,1309960.0,0.0,29723000000.0,0.0,15850.0,354300000.0,94220.0,2137590000.0,1198.0,4198590.0,713.0,2066590.0,2.1524201804041465,161941223.0,,,,1000.0
2020-05-28T00:00:00,TCH,22.3,21.0,22.3,21.444506163990827,21.0,22.0,2232320.0,2232320.0,0.0,47871000000.0,0.0,22800.0,482460000.0,105270.0,2236010000.0,2213.0,3029290.0,1087.0,3445580.0,2.1524201804041465,161955303.0,,,,1000.0
2020-05-29T00:00:00,TCH,21.3,20.2,20.5,20.81910541916315,21.2,21.0,1420330.0,1420330.0,0.0,29570000000.0,0.0,8860.0,186660000.0,44760.0,926910000.0,1515.0,2493130.0,791.0,2051800.0,2.1524201804041465,162009363.0,,,,1000.0
2020-06-01T00:00:00,TCH,21.65,21.2,21.3,21.376671003477057,21.35,21.2,1314330.0,1314330.0,0.0,28096000000.0,0.0,61070.0,1307200000.0,4420.0,94420000.0,1683.0,1753070.0,586.0,1689650.0,2.1524201804041465,162042513.0,,,,1000.0
2020-06-02T00:00:00,TCH,21.9,21.1,21.4,21.530508350630868,21.7,21.35,1777710.0,1777710.0,0.0,38275000000.0,0.0,399500.0,8599430000.0,0.0,0.0,1177.0,2399130.0,802.0,2308480.0,2.1524201804041465,161748283.0,,,,1000.0
2020-06-03T00:00:00,TCH,21.9,21.35,21.75,21.60587039742721,21.7,21.7,1225130.0,1225130.0,0.0,26470000000.0,0.0,60940.0,1319550000.0,4870.0,104710000.0,1310.0,1570360.0,663.0,1980870.0,2.1524201804041465,161732103.0,,,,1000.0
2020-06-04T00:00:00,TCH,22.35,21.6,21.75,21.943850413993527,22.1,21.7,1823700.0,1823700.0,0.0,40019000000.0,0.0,82980.0,1828650000.0,65910.0,1446760000.0,2518.0,2418340.0,941.0,2623810.0,2.1524201804041465,161653543.0,,,,1000.0
2020-06-05T00:00:00,TCH,22.35,21.95,22.2,22.20624227285343,22.35,22.1,1188990.0,1188990.0,0.0,26403000000.0,0.0,111000.0,2465850000.0,11500.0,255300000.0,1270.0,1552010.0,711.0,1777570.0,2.1524201804041465,161542543.0,,,,1000.0
2020-06-08T00:00:00,TCH,23.35,22.5,22.5,22.960540164186597,23.1,22.35,3087950.0,3087950.0,0.0,70901000000.0,0.0,97090.0,2227350000.0,11600.0,266670000.0,3305.0,4635170.0,1119.0,4229870.0,2.1524201804041465,161450323.0,,,,1000.0
2020-06-09T00:00:00,TCH,23.1,22.3,23.0,22.69737544578982,22.65,23.1,1873080.0,1873080.0,0.0,42514000000.0,0.0,16830.0,382770000.0,0.0,0.0,2857.0,2565370.0,838.0,3461760.0,2.1524201804041465,161499403.0,,,,1000.0
2020-06-10T00:00:00,TCH,23.6,22.15,22.3,22.848775127715477,23.25,22.65,4513940.0,4513940.0,0.0,103138000000.0,0.0,99550.0,2273370000.0,6300.0,145090000.0,3898.0,8331110.0,1286.0,5619420.0,2.1524201804041465,161411353.0,,,,1000.0
2020-06-11T00:00:00,TCH,23.55,21.65,23.35,22.90070454074827,21.65,23.25,2076530.0,2076530.0,0.0,47554000000.0,0.0,28280.0,641030000.0,77780.0,1744320000.0,2857.0,3096980.0,1150.0,3753040.0,2.1524201804041465,161394673.0,,,,1000.0
2020-06-12T00:00:00,TCH,22.6,20.15,20.15,20.720318125004255,22.6,21.65,4408330.0,4408330.0,0.0,91342000000.0,0.0,13500.0,273830000.0,116380.0,2381950000.0,6989.0,12201680.0,1439.0,5735940.0,2.1524201804041465,161381173.0,,,,1000.0
2020-06-15T00:00:00,TCH,23.0,21.05,22.0,21.822143577894444,21.55,22.6,3419050.0,3419050.0,0.0,74611000000.0,0.0,12000.0,263100000.0,207020.0,4446690000.0,5718.0,7240170.0,1300.0,6498030.0,2.1524201804041465,161375473.0,,,,1000.0
2020-06-16T00:00:00,TCH,21.95,20.95,21.65,21.476308997050147,21.6,21.55,1735680.0,1735680.0,0.0,37276000000.0,0.0,3310.0,71230000.0,110350.0,2351160000.0,2656.0,3252820.0,1112.0,3127010.0,2.1524201804041465,161449943.0,,,,1000.0
2020-06-17T00:00:00,TCH,21.3,20.7,20.7,20.942954448701574,21.0,21.6,1409400.0,1409400.0,0.0,29517000000.0,0.0,1000.0,20800000.0,69740.0,1456900000.0,1387.0,2192820.0,750.0,2544710.0,2.1524201804041465,161565323.0,,,,1000.0
2020-06-18T00:00:00,TCH,21.4,20.25,20.8,20.877857472176668,21.05,21.0,1713490.0,1713490.0,0.0,35774000000.0,0.0,5000.0,106500000.0,52980.0,1089130000.0,3166.0,3976120.0,879.0,2823650.0,2.1524201804041465,161767343.0,,,,1000.0
2020-06-19T00:00:00,TCH,21.3,20.8,21.1,21.091259318862047,21.15,21.05,1640490.0,1640490.0,0.0,34600000000.0,0.0,89650.0,1898360000.0,535160.0,11318230000.0,1695.0,4294210.0,610.0,2672560.0,2.1524201804041465,161788043.0,,,,1000.0
2020-06-22T00:00:00,TCH,21.55,20.9,21.4,21.29099837808614,21.45,21.15,887840.0,887840.0,0.0,18903000000.0,0.0,0.0,0.0,50100.0,1056130000.0,1037.0,1495750.0,675.0,1674520.0,2.1524201804041465,161857783.0,,,,1000.0
2020-06-23T00:00:00,TCH,22.85,20.95,21.3,21.886365790891414,22.5,21.45,8649860.0,8649860.0,0.0,189314000000.0,0.0,33230.0,740680000.0,20090.0,425140000.0,6109.0,21097610.0,2124.0,12744540.0,2.1524201804041465,161877533.0,,,,1000.0
2020-06-24T00:00:00,TCH,22.75,21.95,22.05,22.30167703778672,22.45,22.5,6323650.0,6323650.0,0.0,141028000000.0,0.0,9120.0,205310000.0,54040.0,1189110000.0,5458.0,10888790.0,1431.0,9370460.0,2.1524201804041465,162408403.0,,,,1000.0
2020-06-25T00:00:00,TCH,22.2,21.5,21.55,21.717970342258766,22.2,22.45,2276640.0,2276640.0,0.0,49444000000.0,0.0,1950.0,42070000.0,38900.0,841630000.0,2707.0,4091350.0,756.0,3561440.0,2.1524201804041465,162456553.0,,,,1000.0
2020-06-26T00:00:00,TCH,22.2,20.9,21.7,21.396019906821834,21.7,22.2,3146660.0,3146660.0,0.0,67326000000.0,0.0,1800.0,38160000.0,70820.0,1501850000.0,2660.0,5215610.0,3374.0,5373040.0,2.1524201804041465,162474843.0,,,,1000.0
2020-06-29T00:00:00,TCH,22.9,20.2,21.0,20.897161411630865,22.9,21.7,5063080.0,5063080.0,0.0,105804000000.0,0.0,12000.0,243650000.0,85500.0,1751260000.0,6972.0,9925190.0,1316.0,5907500.0,2.1524201804041465,162516883.0,,,,1000.0
2020-06-30T00:00:00,TCH,22.0,21.3,21.7,21.554422912731884,21.3,22.9,1546040.0,1546040.0,0.0,33324000000.0,0.0,6900.0,148010000.0,125280.0,2689430000.0,1932.0,1906730.0,1592.0,6667900.0,2.1524201804041465,162548883.0,,,,1000.0
2020-07-01T00:00:00,TCH,21.3,20.2,20.2,20.648085427440094,20.5,21.3,1815810.0,1815810.0,0.0,37493000000.0,0.0,200.0,4100000.0,18650.0,387500000.0,2607.0,3197220.0,1006.0,3744690.0,2.1524201804041465,162619503.0,,,,1000.0
2020-07-02T00:00:00,TCH,20.9,20.5,20.65,20.63693201515822,20.55,20.5,836510.0,836510.0,0.0,17263000000.0,0.0,0.0,0.0,21450.0,442580000.0,1595.0,1392690.0,623.0,1959970.0,2.1524201804041465,162705003.0,,,,1000.0
2020-07-03T00:00:00,TCH,21.4,20.6,20.6,20.941994082433084,21.05,20.55,1162640.0,1162640.0,0.0,24348000000.0,0.0,92650.0,1930780000.0,0.0,0.0,1858.0,1878030.0,895.0,2451240.0,2.1524201804041465,162737633.0,,,,1000.0
2020-07-06T00:00:00,TCH,21.2,20.85,21.05,21.02402939612242,21.05,21.05,1034150.0,1034150.0,0.0,21742000000.0,0.0,5370.0,112890000.0,29390.0,616130000.0,1625.0,1650690.0,684.0,2153850.0,2.1524201804041465,162750913.0,,,,1000.0
2020-07-07T00:00:00,TCH,21.25,20.75,21.15,21.029064926128516,20.9,21.05,2005510.0,2005510.0,0.0,42174000000.0,0.0,12410.0,262250000.0,0.0,0.0,3214.0,4092910.0,852.0,3887160.0,2.1524201804041465,162759953.0,,,,1000.0
2020-07-08T00:00:00,TCH,20.9,20.65,20.9,20.813977740277963,20.75,20.9,1054820.0,1054820.0,0.0,21955000000.0,0.0,5250.0,109460000.0,120.0,2510000.0,1124.0,2028060.0,622.0,2463040.0,2.1524201804041465,162754703.0,,,,1000.0
2020-07-09T00:00:00,TCH,20.9,20.35,20.5,20.577356659722025,20.8,20.75,3503900.0,3503900.0,0.0,72101000000.0,0.0,78070.0,1612060000.0,0.0,0.0,2063.0,6436830.0,1354.0,5244520.0,2.095368079180258,162706023.0,,,,1000.0
2020-07-10T00:00:00,TCH,21.3,20.6,20.85,21.03713573454827,21.2,20.8,3722560.0,3722560.0,0.0,78312000000.0,0.0,54720.0,1152940000.0,10000.0,211500000.0,2685.0,5194540.0,1069.0,5006070.0,2.095368079180258,162651303.0,,,,1000.0
2020-07-13T00:00:00,TCH,22.05,21.35,21.35,21.71838457658249,21.8,21.2,4143310.0,4143310.0,0.0,89986000000.0,0.0,60870.0,1327460000.0,19250.0,419650000.0,3773.0,5982220.0,1487.0,5967550.0,2.095368079180258,162590553.0,,,,1000.0
2020-07-14T00:00:00,TCH,21.85,21.2,21.85,21.49954022472918,21.35,21.8,1783480.0,1783480.0,0.0,38344000000.0,0.0,23600.0,506010000.0,70290.0,1506250000.0,2686.0,2837330.0,933.0,4022320.0,2.095368079180258,162566953.0,,,,1000.0
2020-07-15T00:00:00,TCH,21.95,20.9,21.45,21.49792712197251,21.7,21.35,4399680.0,4399680.0,0.0,94584000000.0,0.0,10000.0,215500000.0,22860.0,490570000.0,3971.0,8502130.0,1486.0,6510160.0,2.095368079180258,162566953.0,,,,1000.0
2020-07-16T00:00:00,TCH,22.2,21.45,21.8,21.78499241157916,22.05,21.7,7149050.0,7149050.0,0.0,155742000000.0,0.0,44540.0,964670000.0,55480.0,1200980000.0,5728.0,10531440.0,1667.0,9397530.0,2.095368079180258,162541663.0,,,,1000.0
2020-07-17T00:00:00,TCH,22.15,21.7,21.95,21.97214045719374,22.05,22.05,6244180.0,6244180.0,0.0,137198000000.0,0.0,58770.0,1290720000.0,12890.0,282900000.0,7961.0,7677970.0,1686.0,8591280.0,2.095368079180258,162553183.0,,,,1000.0
2020-07-20T00:00:00,TCH,21.95,21.5,21.95,21.717960326333003,21.5,22.05,1082330.0,1082330.0,0.0,23506000000.0,0.0,4830.0,104810000.0,0.0,0.0,1238.0,1521910.0,858.0,2425800.0,2.095368079180258,162571213.0,,,,1000.0
2020-07-21T00:00:00,TCH,22.8,21.7,22.05,22.116871251427803,22.45,21.5,13123330.0,13123330.0,0.0,290247000000.0,0.0,389170.0,8530870000.0,139120.0,3069260000.0,5820.0,21099040.0,2480.0,16956000.0,2.095368079180258,162237523.0,,,,1000.0
2020-07-22T00:00:00,TCH,22.7,22.0,22.15,22.368881565036055,22.2,22.45,5485880.0,5485880.0,0.0,122713000000.0,0.0,51290.0,1148270000.0,28980.0,642550000.0,5408.0,8228320.0,1410.0,8786850.0,2.095368079180258,162199123.0,-2208745000.0,0.0,-2208745000.0,1000.0
2020-07-23T00:00:00,TCH,22.25,21.8,22.2,21.955105314625385,21.95,22.2,1820260.0,1820260.0,0.0,39964000000.0,0.0,14340.0,314770000.0,9470.0,207590000.0,1617.0,2341340.0,1016.0,3435840.0,2.095368079180258,162184783.0,,,,1000.0
2020-07-24T00:00:00,TCH,21.55,20.45,21.45,20.775056221911438,20.65,21.95,8373070.0,8373070.0,0.0,173951000000.0,0.0,74260.0,1535970000.0,13020.0,271460000.0,5017.0,13919000.0,1940.0,12457010.0,2.095368079180258,162249643.0,,,,1000.0
2020-07-27T00:00:00,TCH,19.65,19.25,19.3,19.340058428425177,19.25,20.65,1601960.0,1601960.0,0.0,30982000000.0,0.0,23970.0,462070000.0,1000.0,19300000.0,1687.0,1865710.0,1547.0,4993830.0,2.095368079180258,162254653.0,,,,1000.0
2020-07-28T00:00:00,TCH,20.0,18.0,18.45,18.95910250066608,20.0,19.25,6305520.0,6305520.0,0.0,119547000000.0,0.0,21690.0,408160000.0,36740.0,715710000.0,4020.0,21365370.0,1540.0,8281200.0,2.095368079180258,162242433.0,,,,1000.0
2020-07-29T00:00:00,TCH,19.2,18.6,19.05,18.862045446386905,19.0,20.0,5571400.0,5571400.0,0.0,105088000000.0,0.0,16640.0,310850000.0,33920.0,634400000.0,3935.0,12863830.0,1749.0,8458880.0,2.095368079180258,162238813.0,,,,1000.0
2020-07-30T00:00:00,TCH,19.25,18.85,19.05,19.085523636889047,19.05,19.0,1522620.0,1522620.0,0.0,29060000000.0,0.0,14340.0,272770000.0,210.0,4000000.0,2249.0,2273430.0,922.0,3003730.0,2.095368079180258,162225473.0,,,,1000.0
2020-07-31T00:00:00,TCH,20.35,17.75,18.95,19.796148443481634,19.7,19.05,9952340.0,9952340.0,0.0,197018000000.0,0.0,1000.0,18950000.0,371210.0,7312000000.0,3619.0,21769460.0,2395.0,15060370.0,2.095368079180258,162261213.0,,,,1000.0
2020-08-03T00:00:00,TCH,20.05,19.4,19.5,19.827901548537685,19.85,19.7,1722270.0,1722270.0,0.0,34149000000.0,0.0,100.0,1970000.0,1000.0,20050000.0,4617.0,3675010.0,1341.0,3736970.0,2.095368079180258,162295033.0,164051500.0,0.0,164051500.0,1000.0
2020-08-04T00:00:00,TCH,20.3,19.9,20.0,20.095070786400747,20.0,19.85,1935400.0,1935400.0,0.0,38892000000.0,0.0,93140.0,1870300000.0,12760.0,257510000.0,2478.0,3203070.0,1274.0,3715270.0,2.095368079180258,162202103.0,,,,1000.0
2020-08-05T00:00:00,TCH,20.25,19.55,19.9,20.02955938048465,20.05,20.0,2922930.0,2922930.0,0.0,58545000000.0,0.0,123070.0,2469030000.0,22990.0,458200000.0,5483.0,6679110.0,1558.0,5742070.0,2.095368079180258,162450243.0,574077000.0,0.0,574077000.0,1000.0
2020-08-06T00:00:00,TCH,20.15,19.8,20.05,19.99149758454106,20.1,20.05,1293750.0,1293750.0,0.0,25864000000.0,0.0,151100.0,3018560000.0,0.0,0.0,3773.0,2602880.0,1115.0,2930820.0,2.095368079180258,162300143.0,33915000.0,0.0,33915000.0,1000.0
2020-08-07T00:00:00,TCH,20.45,20.0,20.15,20.228973726874987,20.35,20.1,2701620.0,2701620.0,0.0,54651000000.0,0.0,43520.0,880150000.0,1420.0,28470000.0,4285.0,5213020.0,1581.0,4667920.0,2.095368079180258,162266863.0,25011000.0,0.0,25011000.0,1000.0
2020-08-10T00:00:00,TCH,20.85,20.3,20.4,20.576605288007556,20.6,20.35,3049920.0,3049920.0,0.0,62757000000.0,0.0,94060.0,1938490000.0,1000.0,20700000.0,7588.0,4796300.0,1434.0,4526360.0,2.095368079180258,162193693.0,1712267500.0,0.0,1712267500.0,1000.0
2020-08-11T00:00:00,TCH,20.7,20.3,20.7,20.455156749648847,20.5,20.6,1338440.0,1338440.0,0.0,27378000000.0,0.0,12550.0,256240000.0,21640.0,441670000.0,4015.0,2509630.0,1176.0,3030880.0,2.095368079180258,162181143.0,120498000.0,0.0,120498000.0,1000.0
2020-08-12T00:00:00,TCH,20.8,20.1,20.55,20.5184416512614,20.5,20.5,4365390.0,4365390.0,0.0,89571000000.0,0.0,11920.0,243380000.0,67080.0,1365840000.0,8102.0,9502180.0,1673.0,7227640.0,2.095368079180258,162170643.0,-352896000.0,0.0,-352896000.0,1000.0
2020-08-13T00:00:00,TCH,20.7,20.35,20.7,20.4635499207607,20.55,20.5,2574480.0,2574480.0,0.0,52683000000.0,0.0,78250.0,1605010000.0,9350.0,191680000.0,2942.0,5468640.0,1355.0,4913740.0,2.095368079180258,162093393.0,180768000.0,0.0,180768000.0,1000.0
2020-08-14T00:00:00,TCH,20.55,20.0,20.5,20.36774834400742,20.4,20.55,3644340.0,3644340.0,0.0,74227000000.0,0.0,20960.0,427430000.0,31440.0,640930000.0,3517.0,6517240.0,1392.0,6980880.0,2.095368079180258,162094073.0,583267000.0,0.0,583267000.0,1000.0
2020-08-17T00:00:00,TCH,20.3,19.7,20.25,20.04038634129664,20.0,20.4,1871920.0,1871920.0,0.0,37514000000.0,0.0,9040.0,182010000.0,34520.0,687280000.0,2580.0,3027180.0,1140.0,3483120.0,2.095368079180258,162164713.0,196143500.0,0.0,196143500.0,1000.0
2020-08-18T00:00:00,TCH,20.15,19.9,20.0,20.02130106931368,19.95,20.0,1173650.0,1173650.0,0.0,23498000000.0,0.0,23500.0,469730000.0,66480.0,1325980000.0,1913.0,2024620.0,736.0,2485740.0,2.095368079180258,162159803.0,130840500.0,0.0,130840500.0,1000.0
2020-08-19T00:00:00,TCH,20.25,19.75,20.0,19.899902284274262,20.25,19.95,3694390.0,3694390.0,0.0,73518000000.0,0.0,75250.0,1493480000.0,50710.0,1005220000.0,3938.0,6409550.0,1387.0,5200760.0,2.095368079180258,162115993.0,332955000.0,0.0,332955000.0,1000.0
2020-08-20T00:00:00,TCH,20.25,19.8,20.25,19.996066089693155,20.0,20.25,1271000.0,1271000.0,0.0,25415000000.0,0.0,91400.0,1828380000.0,53600.0,1071700000.0,2736.0,2235350.0,938.0,2783710.0,2.095368079180258,162059113.0,-2816853500.0,0.0,-2816853500.0,1000.0
2020-08-21T00:00:00,TCH,20.3,19.8,20.05,20.100675489608474,20.2,20.0,4938640.0,4938640.0,0.0,99270000000.0,0.0,35720.0,718360000.0,5780.0,116400000.0,4587.0,7884030.0,1434.0,7530210.0,2.095368079180258,162089873.0,1127347000.0,0.0,1127347000.0,1000.0
2020-08-24T00:00:00,TCH,20.55,20.25,20.25,20.409359492924317,20.4,20.2,2746730.0,2746730.0,0.0,56059000000.0,0.0,124910.0,2550890000.0,0.0,0.0,7000.0,5174570.0,1468.0,5277720.0,2.095368079180258,162015673.0,573497500.0,0.0,573497500.0,1000.0
2020-08-25T00:00:00,TCH,21.1,20.0,20.45,20.40992726126384,21.0,20.4,14623570.0,14623570.0,0.0,298466000000.0,0.0,64820.0,1341490000.0,9210.0,187630000.0,9051.0,34350650.0,2830.0,18010110.0,2.095368079180258,162004453.0,1452528000.0,0.0,1452528000.0,1000.0
2020-08-26T00:00:00,TCH,21.65,20.6,20.85,21.236719877060235,21.3,21.0,8713210.0,8713210.0,0.0,185040000000.0,0.0,170110.0,3613890000.0,1200.0,25690000.0,10066.0,27698190.0,2977.0,12946060.0,2.095368079180258,161851883.0,381831000.0,0.0,381831000.0,1000.0
2020-08-27T00:00:00,TCH,21.6,21.0,21.05,21.245862079313554,21.4,21.3,9663670.0,9663670.0,0.0,205313000000.0,0.0,30390.0,648580000.0,40000.0,848000000.0,5166.0,17095650.0,2110.0,12479930.0,2.095368079180258,161829893.0,-497550000.0,0.0,-497550000.0,1000.0
2020-08-28T00:00:00,TCH,21.45,21.0,21.35,21.189224407061868,21.35,21.4,6630540.0,6630540.0,0.0,140496000000.0,0.0,57370.0,1216920000.0,108820.0,2323310000.0,4707.0,12126080.0,2641.0,10414380.0,2.095368079180258,161781733.0,807998500.0,0.0,807998500.0,1000.0
2020-08-31T00:00:00,TCH,21.3,20.7,21.3,20.881859603841725,20.8,21.35,3153790.0,3153790.0,0.0,65857000000.0,0.0,2000.0,41900000.0,217560.0,4527360000.0,2845.0,4695090.0,1966.0,6742110.0,2.095368079180258,161780933.0,-355906000.0,0.0,-355906000.0,1000.0
2020-09-01T00:00:00,TCH,20.85,20.45,20.5,20.698472786654047,20.85,20.8,2694450.0,2694450.0,0.0,55771000000.0,0.0,155690.0,3233870000.0,2940.0,60610000.0,3789.0,5082600.0,1329.0,4291630.0,2.095368079180258,161663983.0,411749500.0,0.0,411749500.0,1000.0
2020-09-03T00:00:00,TCH,21.2,20.85,21.05,20.982828327141494,20.95,20.85,4330970.0,4330970.0,0.0,90876000000.0,0.0,227700.0,4765450000.0,45920.0,962490000.0,3171.0,10860970.0,2001.0,8269030.0,2.095368079180258,161545103.0,1774880000.0,0.0,1774880000.0,1000.0
2020-09-04T00:00:00,TCH,21.4,20.4,20.4,20.69848440946372,21.4,20.95,5073270.0,5073270.0,0.0,105009000000.0,0.0,71460.0,1472710000.0,60450.0,1254170000.0,5569.0,7524250.0,3571.0,6459010.0,2.095368079180258,161691203.0,391365000.0,0.0,391365000.0,1000.0
2020-09-07T00:00:00,TCH,21.1,20.7,21.05,20.93003403864827,20.9,21.4,2811510.0,2811510.0,0.0,58845000000.0,0.0,197830.0,4144710000.0,180680.0,3777530000.0,8716.0,5086430.0,3166.0,7128410.0,2.095368079180258,161497993.0,-375117000.0,0.0,-375117000.0,1000.0
2020-09-08T00:00:00,TCH,20.9,20.5,20.9,20.664021845535576,20.85,20.9,4852250.0,4852250.0,0.0,100267000000.0,0.0,250630.0,5183540000.0,35850.0,739330000.0,3593.0,6859530.0,2558.0,8488820.0,2.095368079180258,161293513.0,-249074500.0,0.0,-249074500.0,1000.0
2020-09-09T00:00:00,TCH,20.7,20.45,20.45,20.582801714596204,20.7,20.85,2484550.0,2484550.0,0.0,51139000000.0,0.0,83330.0,1714380000.0,3090.0,63440000.0,5025.0,3824320.0,2105.0,5233670.0,2.095368079180258,161270633.0,,,,1000.0
2020-09-10T00:00:00,TCH,21.15,20.7,20.7,20.9654444501591,21.05,20.7,4471930.0,4471930.0,0.0,93756000000.0,0.0,200150.0,4200470000.0,35290.0,739150000.0,12402.0,10928350.0,3797.0,10097810.0,2.095368079180258,161251163.0,477354500.0,0.0,477354500.0,1000.0
2020-09-11T00:00:00,TCH,21.3,20.95,21.1,21.109353251052482,21.05,21.05,4102210.0,4102210.0,0.0,86595000000.0,0.0,99990.0,2111950000.0,4780.0,100630000.0,2431.0,5672000.0,2925.0,8621250.0,2.095368079180258,161187253.0,-698893500.0,0.0,-698893500.0,1000.0
2020-09-14T00:00:00,TCH,21.15,20.8,21.15,20.9295547502696,20.8,21.05,1029310.0,1029310.0,0.0,21543000000.0,0.0,10940.0,229010000.0,7610.0,159130000.0,1036.0,1743520.0,1636.0,4392040.0,2.095368079180258,161179403.0,693507000.0,0.0,693507000.0,1000.0
2020-09-15T00:00:00,TCH,20.95,20.65,20.9,20.775720551122582,20.65,20.8,1224410.0,1224410.0,0.0,25438000000.0,0.0,11880.0,246560000.0,47680.0,989070000.0,1258.0,2162700.0,1208.0,3902480.0,2.095368079180258,161200713.0,-97944000.0,0.0,-97944000.0,1000.0
2020-09-16T00:00:00,TCH,20.75,20.55,20.7,20.634705309692144,20.55,20.65,1253180.0,1253180.0,0.0,25859000000.0,0.0,40000.0,825000000.0,37410.0,772580000.0,1472.0,3122760.0,1039.0,3468080.0,2.095368079180258,161165493.0,11963000.0,0.0,11963000.0,1000.0
2020-09-17T00:00:00,TCH,20.7,20.5,20.6,20.577481479817354,20.5,20.55,1780490.0,1780490.0,0.0,36638000000.0,0.0,1840.0,37750000.0,62410.0,1283840000.0,1715.0,2921300.0,1296.0,3735520.0,2.095368079180258,161167483.0,-2756492000.0,0.0,-2756492000.0,1000.0
2020-09-18T00:00:00,TCH,20.75,20.45,20.55,20.5818405663281,20.75,20.5,4061250.0,4061250.0,0.0,83588000000.0,0.0,5310.0,109320000.0,791210.0,16409120000.0,3651.0,6550430.0,1884.0,6332420.0,2.095368079180258,161209013.0,127047000.0,0.0,127047000.0,1000.0
2020-09-21T00:00:00,TCH,20.95,20.6,20.85,20.75131339279962,20.85,20.75,3414820.0,3414820.0,0.0,70862000000.0,0.0,17870.0,371870000.0,35490.0,734590000.0,2761.0,5680930.0,2010.0,6957060.0,2.095368079180258,161228553.0,901474500.0,0.0,901474500.0,1000.0
2020-09-22T00:00:00,TCH,21.1,20.45,20.65,20.679857547336752,21.05,20.85,9041600.0,9041600.0,0.0,186979000000.0,0.0,114880.0,2366720000.0,15810.0,325190000.0,3788.0,17116190.0,2448.0,12612180.0,2.095368079180258,161176083.0,51364000.0,0.0,51364000.0,1000.0
2020-09-23T00:00:00,TCH,21.05,20.7,21.05,20.793689175787016,20.9,21.05,2853510.0,2853510.0,0.0,59335000000.0,0.0,0.0,0.0,107530.0,2233370000.0,1945.0,4926260.0,1797.0,7633340.0,2.095368079180258,161968443.0,366702000.0,0.0,366702000.0,1000.0
2020-09-24T00:00:00,TCH,20.8,20.55,20.65,20.649060075695793,20.65,20.9,2869380.0,2869380.0,0.0,59250000000.0,0.0,0.0,0.0,29990.0,619080000.0,2371.0,4134200.0,1474.0,5695950.0,2.095368079180258,162001263.0,-95424000.0,0.0,-95424000.0,1000.0
2020-09-25T00:00:00,TCH,20.7,20.35,20.6,20.55096266393858,20.7,20.65,3255030.0,3255030.0,0.0,66894000000.0,0.0,3860.0,79360000.0,30760.0,628850000.0,3375.0,4818500.0,1926.0,6882160.0,2.095368079180258,162013213.0,-25851000.0,0.0,-25851000.0,1000.0
2020-09-28T00:00:00,TCH,21.05,20.5,20.75,20.82543157085825,20.95,20.7,6870830.0,6870830.0,0.0,143088000000.0,0.0,3040.0,62700000.0,2590.0,53350000.0,3074.0,11968360.0,2927.0,11846630.0,2.095368079180258,162117703.0,-52080000.0,0.0,-52080000.0,1000.0
2020-09-29T00:00:00,TCH,22.0,21.2,21.85,21.564196072149237,21.5,20.95,13046320.0,13046320.0,0.0,281333402500.002,0.0,69690.0,1491860000.0,479380.0,10300140000.0,6727.0,26759710.0,4936.0,20273650.0,2.095368079180258,162078003.0,-216678000.0,0.0,-216678000.0,1000.0
2020-09-30T00:00:00,TCH,21.8,20.85,21.1,21.313532218633163,21.55,21.5,15024070.0,15024070.0,0.0,320216000000.0,0.0,36130.0,764000000.0,131450.0,2847700000.0,4695.0,25129920.0,3914.0,23813380.0,2.095368079180258,162072933.0,748914000.0,0.0,748914000.0,1000.0
2020-10-01T00:00:00,TCH,21.6,20.7,21.4,21.15554263488181,21.45,21.55,9975400.0,9975400.0,0.0,211035000000.0,0.0,47740.0,1008110000.0,13590.0,291860000.0,4602.0,14935140.0,3324.0,15877410.0,2.095368079180258,162027783.0,,,,1000.0
2020-10-02T00:00:00,TCH,21.6,20.4,21.05,20.79406483310536,21.6,21.45,21924910.0,21924910.0,0.0,455908000000.0,0.0,17730.0,364910000.0,840.0,17700000.0,7686.0,27421300.0,3790.0,28737560.0,2.095368079180258,162489433.0,59262000.0,0.0,59262000.0,1000.0
2020-10-05T00:00:00,TCH,21.55,21.1,21.5,21.40484693240481,21.1,21.6,2803010.0,2803010.0,0.0,59998000000.0,0.0,57450.0,1232040000.0,184530.0,3954050000.0,2245.0,6040400.0,3561.0,9836360.0,2.095368079180258,162563433.0,,,,1000.0
2020-10-06T00:00:00,TCH,21.6,21.1,21.25,21.369703843652626,21.55,21.1,12978280.0,12978280.0,0.0,277342000000.0,0.0,380390.0,8136220000.0,24790.0,532100000.0,4601.0,34243780.0,4487.0,21857240.0,2.095368079180258,162196633.0,-1169112000.0,0.0,-1169112000.0,1000.0
2020-10-07T00:00:00,TCH,21.5,21.15,21.2,21.283698769473915,21.2,21.55,19829730.0,19829730.0,0.0,422050000000.0,0.0,19720.0,418960000.0,1680.0,35740000.0,6840.0,30243870.0,3697.0,29432210.0,2.095368079180258,162177753.0,-1097823500.0,0.0,-1097823500.0,1000.0
2020-10-08T00:00:00,TCH,21.3,20.65,21.3,20.912529901533556,20.9,21.2,11863940.0,11863940.0,0.0,248105000000.0,0.0,5610.0,116780000.0,84330.0,1770690000.0,5300.0,22015390.0,3203.0,25353790.0,2.095368079180258,162356073.0,,,,1000.0
2020-10-09T00:00:00,TCH,21.4,20.6,21.0,21.123768191749285,21.3,20.9,16097270.0,16097270.0,0.0,340035000000.0,0.0,53670.0,1134940000.0,140430.0,2914590000.0,5296.0,29255370.0,4119.0,25322830.0,2.095368079180258,162327193.0,-113652000.0,0.0,-113652000.0,1000.0
2020-10-12T00:00:00,TCH,21.55,20.9,21.55,21.184815160590222,20.9,21.3,4123850.0,4123850.0,0.0,87363000000.0,0.0,32070.0,686670000.0,168560.0,3554490000.0,2876.0,6777340.0,2772.0,11405750.0,2.095368079180258,162296803.0,43218000.0,0.0,43218000.0,1000.0
2020-10-13T00:00:00,TCH,21.0,20.7,21.0,20.807523820319116,20.95,20.9,8998620.0,8998620.0,0.0,187239000000.0,0.0,6400.0,132680000.0,2100.0,43810000.0,6332.0,13862230.0,3085.0,14715840.0,2.095368079180258,162374733.0,,,,1000.0
2020-10-14T00:00:00,TCH,21.35,20.35,20.85,20.75210163687095,21.1,20.95,22840530.0,22840530.0,0.0,473989000000.0,0.0,18570.0,385170000.0,31580.0,656260000.0,8777.0,41904380.0,5557.0,33444270.0,2.095368079180258,162496593.0,-69468000.0,0.0,-69468000.0,1000.0
2020-10-15T00:00:00,TCH,21.4,20.8,21.15,21.13810901872866,21.0,21.1,15567050.0,15567050.0,0.0,329058000000.0,0.0,125870.0,2656810000.0,49050.0,1028590000.0,6069.0,30214550.0,5513.0,29358590.0,2.095368079180258,162539283.0,-79506000.0,0.0,-79506000.0,1000.0
2020-10-16T00:00:00,TCH,21.1,20.5,20.95,20.727598852375692,21.1,21.0,14283420.0,14283420.0,0.0,296061000000.0,0.0,10340.0,213420000.0,13910.0,288870000.0,8214.0,23559050.0,4809.0,22683310.0,2.095368079180258,162531043.0,-208926500.0,0.0,-208926500.0,1000.0
2020-10-19T00:00:00,TCH,20.85,20.6,20.85,20.698458259362948,20.6,21.1,7497370.0,7497370.0,0.0,155184000000.0,0.0,5060.0,104570000.0,400.0,8260000.0,5565.0,14388330.0,4377.0,22726840.0,2.095368079180258,162558403.0,-95928000.0,0.0,-95928000.0,1000.0
2020-10-20T00:00:00,TCH,21.15,20.4,20.95,20.76369763944706,20.9,20.6,36953630.0,36953630.0,0.0,767294000000.0,0.0,108080.0,2228950000.0,1000.0,20900000.0,12890.0,59415970.0,8264.0,62279870.0,2.095368079180258,162497273.0,,,,1000.0
2020-10-21T00:00:00,TCH,20.95,20.4,20.9,20.67002313114995,20.9,20.9,13073280.0,13073280.0,0.0,270225000000.0,0.0,29730.0,612710000.0,9500.0,198550000.0,7642.0,22261660.0,5973.0,26768590.0,2.095368079180258,162481453.0,,,,1000.0
2020-10-22T00:00:00,TCH,20.75,20.45,20.65,20.56479285138664,20.45,20.9,7023460.0,7023460.0,0.0,144436000000.0,0.0,65300.0,1338890000.0,5000.0,102250000.0,4190.0,13066550.0,4328.0,22345770.0,2.095368079180258,162415053.0,570507000.0,0.0,570507000.0,1000.0
2020-10-23T00:00:00,TCH,20.65,20.45,20.5,20.520956042435266,20.5,20.45,2962630.0,2962630.0,0.0,60796000000.0,0.0,4030.0,82720000.0,51640.0,1058980000.0,3302.0,9595960.0,4470.0,17567620.0,2.095368079180258,162410823.0,508872000.0,0.0,508872000.0,1000.0
2020-10-26T00:00:00,TCH,20.8,20.05,20.55,20.572312906756423,20.05,20.5,11895940.0,11895940.0,0.0,244727000000.0,0.0,99310.0,2056140000.0,2940.0,60520000.0,10719.0,20583790.0,6027.0,29370830.0,2.095368079180258,162321613.0,563997000.0,0.0,563997000.0,1000.0
2020-10-27T00:00:00,TCH,20.25,19.3,20.1,19.755024192728893,19.6,20.05,12793100.0,12793100.0,0.0,252728000000.0,0.0,22620.0,446100000.0,6400.0,124950000.0,14311.0,27555860.0,5038.0,28727370.0,2.095368079180258,162303993.0,,,,1000.0
2020-10-28T00:00:00,TCH,19.4,18.55,19.35,19.046352313629804,19.0,19.6,11540740.0,11540740.0,0.0,219809000000.0,0.0,22680.0,430920000.0,29680.0,553940000.0,5734.0,23102960.0,4033.0,21602090.0,2.095368079180258,162330393.0,2025173000.0,0.0,2025173000.0,1000.0
2020-10-29T00:00:00,TCH,18.9,18.5,18.8,18.67596792843619,18.7,19.0,3934950.0,3934950.0,0.0,73489000000.0,0.0,8510.0,158390000.0,40820.0,758480000.0,3292.0,11124260.0,2729.0,9977390.0,2.095368079180258,162324823.0,871187000.0,0.0,871187000.0,1000.0
2020-10-30T00:00:00,TCH,18.9,18.25,18.8,18.551065052178394,18.5,18.7,5839620.0,5839620.0,0.0,108331170500.002,0.0,3430.0,63370000.0,84440.0,1562730000.0,3640.0,8897290.0,2457.0,11993970.0,2.095368079180258,162329893.0,5928500.0,0.0,5928500.0,1000.0
2020-11-02T00:00:00,TCH,18.6,18.0,18.6,18.255124663983636,18.0,18.5,3920940.0,3920940.0,0.0,71577248500.0,0.0,197360.0,3586730000.0,10000.0,182000000.0,3313.0,6150540.0,1996.0,8565250.0,2.095368079180258,162162213.0,336179500.0,0.0,336179500.0,1000.0
2020-11-03T00:00:00,TCH,18.7,18.05,18.05,18.396169034350798,18.6,18.0,4976030.0,4976030.0,0.0,91539889000.0006,0.0,133650.0,2464730000.0,35320.0,655420000.0,4639.0,13977600.0,2542.0,8265750.0,2.095368079180258,162069383.0,384949000.0,0.0,384949000.0,1000.0
2020-11-04T00:00:00,TCH,18.9,18.45,18.7,18.71840395652013,18.8,18.6,3617320.0,3617320.0,0.0,67710456999.9994,0.0,41840.0,782700000.0,0.0,0.0,4517.0,10343890.0,1873.0,7850320.0,2.095368079180258,162141563.0,23001000.0,0.0,23001000.0,1000.0
2020-11-05T00:00:00,TCH,19.1,18.65,18.7,18.91242884709966,18.8,18.8,3922890.0,3922890.0,0.0,74191377999.9988,0.0,199480.0,3768440000.0,1000.0,19050000.0,6562.0,8258030.0,2506.0,7617130.0,2.095368079180258,161950443.0,440908000.0,0.0,440908000.0,1000.0
2020-11-06T00:00:00,TCH,19.0,18.6,18.85,18.80551513022532,18.8,18.8,3188320.0,3188320.0,0.0,59958000000.0,0.0,152730.0,2866550000.0,0.0,0.0,4227.0,5738190.0,1896.0,6772340.0,2.095368079180258,161833033.0,-315208000.0,0.0,-315208000.0,1000.0
2020-11-09T00:00:00,TCH,18.9,18.75,18.85,18.822490886110693,18.8,18.8,2326120.0,2326120.0,0.0,43783372499.9998,0.0,60520.0,1138340000.0,1680.0,31750000.0,2445.0,3679010.0,1784.0,5830890.0,2.095368079180258,161772513.0,684560000.0,0.0,684560000.0,1000.0
2020-11-10T00:00:00,TCH,19.0,18.6,18.9,18.78,18.8,18.8,5280320.0,5280320.0,0.0,99155440000.0,0.0,59200.0,1106890000.0,16010.0,299640000.0,5390.0,7833850.0,2439.0,9549260.0,2.095368079180258,161714313.0,-46324500.0,0.0,-46324500.0,1000.0
2020-11-11T00:00:00,TCH,18.75,18.45,18.65,18.594596520890462,18.55,18.8,7274850.0,7274850.0,0.0,135272900500.0,0.0,88750.0,1649310000.0,1640.0,30500000.0,6327.0,12739670.0,2559.0,12944700.0,2.095368079180258,161625563.0,-1239843500.0,0.0,-1239843500.0,1000.0
2020-11-12T00:00:00,TCH,18.75,18.45,18.6,18.60341298296999,18.7,18.55,3366410.0,3366410.0,0.0,62626715500.0,0.0,122740.0,2280340000.0,16600.0,308480000.0,3440.0,6998150.0,2223.0,7240280.0,2.095368079180258,161504503.0,800308000.0,0.0,800308000.0,1000.0
2020-11-13T00:00:00,TCH,18.7,18.5,18.7,18.623948288032857,18.65,18.7,1714110.0,1714110.0,0.0,31923496000.0,0.0,48330.0,900030000.0,10000.0,186000000.0,2080.0,3616420.0,2103.0,5552300.0,2.095368079180258,161472183.0,481770500.0,0.0,481770500.0,1000.0
2020-11-16T00:00:00,TCH,18.7,18.1,18.65,18.406837782277,18.1,18.65,3215370.0,3215370.0,0.0,59184794000.0,0.0,46050.0,852200000.0,4800.0,88070000.0,3665.0,5770370.0,2339.0,8111470.0,2.095368079180258,161427773.0,-1016651500.0,0.0,-1016651500.0,1000.0
2020-11-17T00:00:00,TCH,18.75,18.1,18.2,18.405809437635057,18.75,18.1,8399350.0,8399350.0,0.0,154596835500.0,0.0,226990.0,4192690000.0,184040.0,3406920000.0,10708.0,27987480.0,3220.0,12971740.0,2.095368079180258,161222713.0,-1041413000.0,0.0,-1041413000.0,1000.0
2020-11-18T00:00:00,TCH,18.95,18.5,18.6,18.736904067925483,18.85,18.75,5918250.0,5918250.0,0.0,110889682500.0,0.0,125890.0,2371930000.0,30400.0,571290000.0,5435.0,23481550.0,3192.0,10724500.0,2.095368079180258,161106823.0,-1527073500.0,0.0,-1527073500.0,1000.0
2020-11-19T00:00:00,TCH,19.05,18.55,18.7,18.792526816695233,19.0,18.85,8325970.0,8325970.0,0.0,156466014500.0,0.0,23700.0,442960000.0,37210.0,697080000.0,3241.0,25030330.0,2875.0,12936980.0,2.095368079180258,161098173.0,-1561263000.0,0.0,-1561263000.0,1000.0
2020-11-20T00:00:00,TCH,20.3,19.15,19.15,19.88700793853023,20.3,19.0,11655810.0,11655810.0,0.0,231799186000.0,0.0,488320.0,9735640000.0,8300.0,164600000.0,10440.0,64900140.0,5151.0,17171260.0,2.095368079180258,160793893.0,-30566000.0,0.0,-30566000.0,1000.0
2020-11-23T00:00:00,TCH,21.3,19.8,20.7,20.74636962442665,20.85,20.3,16584510.0,16584510.0,0.0,344068374500.0,0.0,242860.0,5062670000.0,12620.0,264390000.0,12118.0,68245770.0,7793.0,34430580.0,2.095368079180258,160583073.0,-899704000.0,0.0,-899704000.0,1000.0
2020-11-24T00:00:00,TCH,20.8,20.0,20.8,20.254309411054216,20.1,20.85,8262730.0,8262730.0,0.0,167355890000.0,0.0,30260.0,613590000.0,122340.0,2484270000.0,6197.0,15049340.0,4938.0,18442190.0,2.095368079180258,160590023.0,-46125000.0,0.0,-46125000.0,1000.0
2020-11-25T00:00:00,TCH,20.2,19.5,19.95,19.922422478631393,20.15,20.1,8672770.0,8672770.0,0.0,172782588000.0,0.0,48230.0,957800000.0,260270.0,5144890000.0,4294.0,15059040.0,3847.0,17726490.0,2.095368079180258,160552143.0,611720000.0,0.0,611720000.0,1000.0
2020-11-26T00:00:00,TCH,20.75,20.25,20.3,20.546935737678865,20.65,20.15,11578480.0,11578480.0,0.0,237902284500.0,0.0,486910.0,10006140000.0,7890.0,162230000.0,9511.0,31623150.0,6977.0,25958910.0,2.095368079180258,160079493.0,502587500.0,0.0,502587500.0,1000.0
2020-11-27T00:00:00,TCH,20.65,20.2,20.65,20.298137080015447,20.2,20.65,5437700.0,5437700.0,0.0,110375180000.0,0.0,101080.0,2058000000.0,22070.0,447740000.0,7176.0,9081460.0,3116.0,11320290.0,2.095368079180258,160100753.0,225628500.0,0.0,225628500.0,1000.0
2020-11-30T00:00:00,TCH,20.45,19.5,20.25,19.981966298220005,19.5,20.2,9693850.0,9693850.0,0.0,193702184000.0,0.0,153550.0,3050560000.0,57630.0,1153810000.0,6649.0,15091060.0,3306.0,17384900.0,2.095368079180258,160207473.0,-662402000.0,0.0,-662402000.0,1000.0
2020-12-01T00:00:00,TCH,20.55,18.8,18.9,19.081757307893657,20.55,19.5,28270800.0,28270800.0,0.0,539456544500.0,0.0,216220.0,4158750000.0,620880.0,11809770000.0,16895.0,49025230.0,3271.0,32812460.0,2.095368079180258,159999143.0,-263995000.0,0.0,-263995000.0,1000.0
2020-12-02T00:00:00,TCH,20.15,19.8,20.05,19.929409916373892,20.05,20.55,12165400.0,12125400.0,40000.0,242492067000.0,840000000.0,176320.0,3513530000.0,565060.0,11267240000.0,9836.0,21306990.0,5025.0,27007000.0,2.095368079180258,159845123.0,783239500.0,0.0,783239500.0,1000.0
2020-12-03T00:00:00,TCH,20.05,19.4,19.9,19.639941266973032,20.05,20.05,16912120.0,16912120.0,0.0,332153043500.0,0.0,15040.0,297280000.0,43090.0,844130000.0,7246.0,34056140.0,4810.0,28026420.0,2.095368079180258,159887713.0,-651167000.0,0.0,-651167000.0,1000.0
2020-12-04T00:00:00,TCH,19.7,19.4,19.7,19.5274406170014,19.7,20.05,19491690.0,19491690.0,0.0,380622819000.0,0.0,55620.0,1088550000.0,9310.0,181170000.0,7708.0,31034310.0,5987.0,35710490.0,2.095368079180258,160452973.0,1144925000.0,0.0,1144925000.0,1000.0
2020-12-07T00:00:00,TCH,19.75,19.25,19.75,19.45197325367501,19.75,19.7,23312730.0,23272730.0,40000.0,453540521500.0,840000000.0,135550.0,2641310000.0,58450.0,1137190000.0,13194.0,29737210.0,5523.0,35465000.0,2.095368079180258,160880433.0,119822500.0,0.0,119822500.0,1000.0
2020-12-08T00:00:00,TCH,19.6,19.2,19.5,19.3359138481288,19.45,19.75,10095660.0,10095660.0,0.0,195208812000.0,0.0,17120.0,331780000.0,8150.0,158120000.0,7639.0,16506700.0,5843.0,23429160.0,2.095368079180258,160906403.0,-531973500.0,0.0,-531973500.0,1000.0
2020-12-09T00:00:00,TCH,19.65,18.8,19.45,19.220147151123445,19.65,19.45,26878490.0,26878490.0,0.0,516608533000.0,0.0,52630.0,1025380000.0,33050.0,639250000.0,13873.0,40285860.0,6847.0,40231430.0,2.095368079180258,160860213.0,-235442500.0,0.0,-235442500.0,1000.0
2020-12-10T00:00:00,TCH,19.45,19.1,19.2,19.267816965870242,19.1,19.65,2676550.0,2676550.0,0.0,51571275500.0,0.0,111570.0,2145060000.0,50050.0,965910000.0,3353.0,6854280.0,4503.0,17116690.0,2.095368079180258,160805043.0,-199467500.0,0.0,-199467500.0,1000.0
2020-12-11T00:00:00,TCH,19.35,18.95,19.2,19.173154557426525,19.15,19.1,2183770.0,2133770.0,50000.0,41931102000.0,1020000000.0,79100.0,1515660000.0,9230.0,176750000.0,3112.0,6042810.0,3328.0,13990200.0,2.095368079180258,160734093.0,160987000.0,0.0,160987000.0,1000.0
2020-12-14T00:00:00,TCH,19.5,19.25,19.4,19.33007458843464,19.25,19.15,4910760.0,4815760.0,95000.0,94955750000.0,1866750000.0,139080.0,2679810000.0,101640.0,1961850000.0,3458.0,8366600.0,4978.0,18019110.0,2.095368079180258,160628063.0,47941000.0,0.0,47941000.0,1000.0
2020-12-15T00:00:00,TCH,19.35,19.1,19.3,19.204257125608244,19.1,19.25,4687670.0,4687670.0,0.0,90023220000.0,0.0,104320.0,2003850000.0,17510.0,335330000.0,4348.0,9453420.0,3452.0,15273380.0,2.095368079180258,160573793.0,385523000.0,0.0,385523000.0,1000.0
2020-12-16T00:00:00,TCH,19.3,19.1,19.3,19.15060610316041,19.1,19.1,3987770.0,3987770.0,0.0,76368212500.0,0.0,36130.0,690790000.0,820.0,15700000.0,3424.0,8010890.0,3133.0,14812670.0,2.095368079180258,160546893.0,-423598000.0,0.0,-423598000.0,1000.0
2020-12-17T00:00:00,TCH,19.4,18.9,19.1,19.14155148311307,19.15,19.1,8512500.0,8512500.0,0.0,162942457000.0,0.0,99980.0,1908750000.0,170050.0,3240870000.0,6064.0,17229140.0,4420.0,18289760.0,2.095368079180258,160544503.0,-1313642000.0,0.0,-1313642000.0,1000.0
2020-12-18T00:00:00,TCH,19.4,19.15,19.25,19.27695156264022,19.3,19.15,5683010.0,5683010.0,0.0,109551108500.0,0.0,169430.0,3267080000.0,869050.0,16772520000.0,3316.0,10802330.0,3818.0,15085310.0,2.095368079180258,160395766.0,1206015000.0,0.0,1206015000.0,1000.0
2020-12-21T00:00:00,TCH,19.5,19.25,19.45,19.345143613354555,19.3,19.3,5875150.0,5875150.0,0.0,113655620500.0,0.0,83820.0,1619410000.0,13000.0,250750000.0,3464.0,9540860.0,3813.0,14248800.0,2.095368079180258,160323866.0,999559500.0,0.0,999559500.0,1000.0
2020-12-22T00:00:00,TCH,19.7,19.2,19.3,19.38943709593692,19.55,19.3,6491870.0,6491870.0,0.0,125873705000.0,0.0,26170.0,511100000.0,2500.0,48430000.0,3631.0,10763810.0,4261.0,13362490.0,2.095368079180258,160475636.0,471697000.0,0.0,471697000.0,1000.0
2020-12-23T00:00:00,TCH,20.7,19.45,19.8,20.164423659850303,20.3,19.55,12008360.0,12008360.0,0.0,242141658500.0,0.0,428760.0,8747470000.0,52100.0,1065430000.0,6587.0,19052940.0,7883.0,25364380.0,2.095368079180258,160915926.0,299904000.0,0.0,299904000.0,1000.0
2020-12-24T00:00:00,TCH,20.7,19.2,20.4,19.606705350609896,19.95,20.3,10796900.0,10796900.0,0.0,211691637000.0,0.0,89570.0,1788330000.0,191660.0,3792560000.0,4974.0,18395230.0,5426.0,24749260.0,2.095368079180258,160835256.0,1372725500.0,0.0,1372725500.0,1000.0
2020-12-25T00:00:00,TCH,20.2,19.55,19.9,19.952289496300335,20.0,19.95,4770700.0,4770700.0,0.0,95186387500.0,0.0,243240.0,4851370000.0,2450.0,48960000.0,4271.0,10265520.0,4120.0,14450080.0,2.095368079180258,160592466.0,397133000.0,0.0,397133000.0,1000.0
2020-12-28T00:00:00,TCH,20.8,20.05,20.15,20.496019676320877,20.4,20.0,9875830.0,9875830.0,0.0,202415206000.0,0.0,123130.0,2525960000.0,7020.0,143260000.0,5461.0,18340430.0,7873.0,23447400.0,2.095368079180258,160521436.0,489647000.0,0.0,489647000.0,1000.0
2020-12-29T00:00:00,TCH,20.3,20.0,20.0,20.11294745512929,20.15,19.9,4892390.0,4892390.0,0.0,98400383000.0,0.0,5800.0,116640000.0,75110.0,1511950000.0,3716.0,9023070.0,3427.0,12419880.0,2.044011018497195,160707296.0,1180308000.0,0.0,1180308000.0,1000.0
2020-12-30T00:00:00,TCH,20.75,20.1,20.3,20.435221900530227,20.2,20.15,6472720.0,6472720.0,0.0,132271469500.0,0.0,226330.0,4616710000.0,19630.0,398530000.0,3587.0,10789560.0,5700.0,16093540.0,2.044011018497195,160483416.0,,,,1000.0
2020-12-31T00:00:00,TCH,20.3,19.9,20.2,19.992369602996,19.95,20.2,5345790.0,5345790.0,0.0,106875009500.0,0.0,17080.0,342900000.0,194550.0,3881070000.0,4416.0,9327130.0,3785.0,12309000.0,2.044011018497195,160473356.0,687379500.0,0.0,687379500.0,1000.0
2021-01-04T00:00:00,TCH,20.45,19.9,20.1,20.095882569838285,20.05,19.95,5695300.0,5695300.0,0.0,114452080000.0,0.0,48100.0,967000000.0,7000.0,140920000.0,3377.0,10230400.0,4576.0,15930500.0,2.044011018497195,160500366.0,929215000.0,0.0,929215000.0,1000.0
2021-01-05T00:00:00,TCH,20.25,19.9,20.0,20.05715412282895,20.05,20.05,5199100.0,5199100.0,0.0,104279150000.0,0.0,90500.0,1817820000.0,106600.0,2142270000.0,3341.0,9959000.0,3691.0,13554500.0,2.044011018497195,160429496.0,-108820000.0,0.0,-108820000.0,1000.0
2021-01-06T00:00:00,TCH,21.45,20.05,20.2,20.943386980398444,20.8,20.05,19957600.0,19957600.0,0.0,417979740000.0,0.0,684900.0,14490730000.0,147600.0,3093250000.0,8909.0,34864900.0,8388.0,34873000.0,2.044011018497195,159939146.0,-1504680000.0,0.0,-1504680000.0,1000.0
2021-01-07T00:00:00,TCH,21.4,20.95,21.1,21.164679017110508,21.1,20.8,8671300.0,8550300.0,121000.0,183481155000.0,2516800000.0,231500.0,4919110000.0,81100.0,1713740000.0,4634.0,16289900.0,4395.0,20240400.0,2.044011018497195,159714646.0,-846060000.0,-2516800000.0,-3362860000.0,1000.0
2021-01-08T00:00:00,TCH,22.55,21.15,21.35,22.317120513476585,22.55,21.1,18368900.0,18368900.0,0.0,409940955000.0,0.0,407900.0,9109820000.0,224800.0,4934700000.0,7337.0,33940500.0,6094.0,22200100.0,2.044011018497195,159413346.0,1184435000.0,0.0,1184435000.0,1000.0
2021-01-11T00:00:00,TCH,24.1,23.0,23.2,24.1,24.1,22.55,12515100.0,12515100.0,0.0,295229935000.0,0.0,4371000.0,10311144504.518541,780000.0,1840012059.8317232,8514.0,125151000.0,6864.0,125151000.0,2.044011018497195,159123780.0,,,,1000.0
2021-01-12T00:00:00,TCH,25.45,24.1,24.8,24.77753089195736,25.0,24.1,9784100.0,9784100.0,0.0,242425840000.0,0.0,918900.0,22973030000.0,213900.0,5258620000.0,6524.0,19701400.0,4556.0,22461300.0,2.044011018497195,158296480.0,,,,1000.0
2021-01-13T00:00:00,TCH,25.0,24.15,24.8,24.395493738724397,24.15,25.0,11307600.0,11307600.0,0.0,275854485000.0,0.0,135900.0,3353610000.0,100500.0,2468860000.0,7029.0,19596800.0,4708.0,20406400.0,2.044011018497195,158389380.0,,,,1000.0
2021-01-14T00:00:00,TCH,25.7,24.05,24.4,24.919512494601623,25.7,24.15,11829100.0,11809100.0,20000.0,294758015000.0,481000000.0,630000.0,15869360000.0,20900.0,521910000.0,7132.0,25269800.0,4939.0,17886500.0,2.044011018497195,157845350.0,,,,1000.0
2021-01-15T00:00:00,TCH,26.8,26.0,26.3,26.55262587935058,26.4,25.7,5976100.0,5956100.0,20000.0,158636095000.0,486000000.0,503400.0,13366200000.0,99100.0,2622330000.0,3721.0,11089200.0,3150.0,11194800.0,2.044011018497195,157555850.0,,,,1000.0
2021-01-18T00:00:00,TCH,27.4,25.75,26.1,26.241659616380236,26.15,26.4,7939300.0,7919300.0,20000.0,208375575000.0,560000000.0,70800.0,1897380000.0,33500.0,876850000.0,4980.0,13668800.0,3843.0,13852100.0,2.044011018497195,157585550.0,-2304285000.0,0.0,-2304285000.0,1000.0
2021-01-19T00:00:00,TCH,26.05,24.35,26.0,24.35,24.35,26.15,10511200.0,10511200.0,0.0,264595240000.0,0.0,128200.0,3157740000.0,86100.0,2170520000.0,5851.0,13569900.0,5077.0,26076600.0,2.044011018497195,157478240.0,112235000.0,0.0,112235000.0,1000.0
2021-01-20T00:00:00,TCH,24.8,22.65,24.35,23.331383438699007,23.7,24.35,11910900.0,11910900.0,0.0,277897775000.0,0.0,301000.0,7007250000.0,192000.0,4388120000.0,5824.0,19625900.0,5926.0,26929700.0,2.044011018497195,157276340.0,2542195000.0,0.0,2542195000.0,1000.0
2021-01-21T00:00:00,TCH,25.35,23.8,24.25,24.778178581062853,25.35,23.7,9367500.0,9267500.0,100000.0,232089770000.0,2458000000.0,506600.0,12659950000.0,32400.0,798750000.0,4566.0,18798700.0,3868.0,14669300.0,2.044011018497195,156803030.0,-373910000.0,0.0,-373910000.0,1000.0
2021-01-22T00:00:00,TCH,26.5,25.35,25.8,26.05438930860806,25.9,25.35,8736000.0,8736000.0,0.0,227611145000.0,0.0,774600.0,20268270000.0,193400.0,5021660000.0,4806.0,16001500.0,5256.0,20232900.0,2.044011018497195,156130400.0,341565000.0,0.0,341565000.0,1000.0
2021-01-25T00:00:00,TCH,26.3,25.2,25.4,25.599946701498364,25.95,25.9,6660600.0,6660600.0,0.0,170511005000.0,0.0,84100.0,2178770000.0,166400.0,4296820000.0,4002.0,12851500.0,4230.0,14817200.0,2.044011018497195,156238320.0,167440000.0,0.0,167440000.0,1000.0
2021-01-26T00:00:00,TCH,25.95,24.15,25.95,24.92121729666825,24.3,25.95,9380400.0,9280400.0,100000.0,233708865000.0,2430000000.0,17900.0,442010000.0,223000.0,5501480000.0,5765.0,14723000.0,3804.0,19882900.0,2.044011018497195,156285820.0,155695000.0,0.0,155695000.0,1000.0
2021-01-27T00:00:00,TCH,24.95,22.9,23.8,23.788091629180517,23.0,24.3,8180800.0,8180800.0,0.0,194605620000.0,0.0,224300.0,5409140000.0,134500.0,3161410000.0,5430.0,21295200.0,3999.0,17270400.0,2.044011018497195,156257020.0,134180000.0,0.0,134180000.0,1000.0
2021-01-28T00:00:00,TCH,22.1,21.4,21.4,21.4,21.4,23.0,9232700.0,9232700.0,0.0,197402080000.0,0.0,416400.0,8998490000.0,759300.0,16261160000.0,4276.0,12070300.0,4429.0,27853200.0,2.044011018497195,156007840.0,,,,1000.0
2021-01-29T00:00:00,TCH,22.55,20.0,20.0,21.351421323544923,21.95,21.4,9480600.0,9480600.0,0.0,202424285000.0,0.0,1021100.0,22353480000.0,468900.0,9666200000.0,5884.0,25376700.0,3743.0,16762500.0,2.044011018497195,155209740.0,-335825000.0,0.0,-335825000.0,1000.0
2021-02-01T00:00:00,TCH,22.4,20.45,21.9,21.201870490047202,20.45,21.95,8495100.0,8495100.0,0.0,180112010000.0,0.0,283900.0,6161550000.0,594500.0,12282770000.0,5136.0,14123900.0,2991.0,16058600.0,2.044011018497195,155060340.0,-593270000.0,0.0,-593270000.0,1000.0
2021-02-02T00:00:00,TCH,21.5,19.8,20.5,20.626619749164796,21.0,20.45,5497700.0,5477700.0,20000.0,113410435000.0,424000000.0,238800.0,5014090000.0,197100.0,4110780000.0,4004.0,11024400.0,3162.0,17846400.0,2.044011018497195,155580840.0,,,,1000.0
2021-02-03T00:00:00,TCH,22.45,21.0,21.3,21.799936324997216,22.45,21.0,6281900.0,6281900.0,0.0,136945020000.0,0.0,1019500.0,22586510000.0,309600.0,6685990000.0,3699.0,11744500.0,2732.0,9614300.0,2.044011018497195,155030240.0,1406540000.0,0.0,1406540000.0,1000.0
2021-02-04T00:00:00,TCH,22.75,22.0,22.5,22.407735888714793,22.35,22.45,5233400.0,5233400.0,0.0,117268645000.0,0.0,150000.0,3370950000.0,309900.0,6922420000.0,4025.0,11190300.0,3048.0,12294400.0,2.044011018497195,155474740.0,-1295175000.0,0.0,-1295175000.0,1000.0
2021-02-05T00:00:00,TCH,23.0,22.15,22.4,22.513796861377507,22.55,22.35,4149200.0,4129200.0,20000.0,93410970000.0,447000000.0,205100.0,4613820000.0,32700.0,732440000.0,2747.0,8064000.0,2680.0,9207100.0,2.044011018497195,155466740.0,-289135000.0,0.0,-289135000.0,1000.0
2021-02-08T00:00:00,TCH,22.55,21.0,22.5,21.5986886002886,21.0,22.55,8662500.0,8662500.0,0.0,187098640000.0,0.0,66900.0,1441040000.0,740100.0,15775950000.0,6329.0,13350000.0,3006.0,17284100.0,2.044011018497195,15568944000.0,-1634365000.0,0.0,-1634365000.0,1000.0
2021-02-09T00:00:00,TCH,21.7,20.6,21.2,21.16727093088191,21.3,21.0,4655800.0,4655800.0,0.0,98550580000.0,0.0,154600.0,3289870000.0,684100.0,14500740000.0,4983.0,12306100.0,2603.0,9382900.0,2.044011018497195,155828740.0,1987210000.0,0.0,1987210000.0,1000.0
2021-02-17T00:00:00,TCH,22.35,21.55,21.6,21.98716861662504,22.15,21.3,4564200.0,4564200.0,0.0,100353835000.0,0.0,245200.0,5426720000.0,413800.0,9128520000.0,3195.0,9592200.0,2442.0,7751800.0,2.044011018497195,155608240.0,-96560000.0,0.0,-96560000.0,1000.0
2021-02-18T00:00:00,TCH,23.7,21.85,22.15,23.07580970649872,23.5,22.15,9018700.0,9018700.0,0.0,208113805000.0,0.0,276100.0,6394750000.0,236000.0,5439720000.0,5194.0,17926900.0,4959.0,15357000.0,2.044011018497195,156072240.0,281795000.0,0.0,281795000.0,1000.0
2021-02-19T00:00:00,TCH,23.8,23.05,23.1,23.436554854981086,23.3,23.5,3965000.0,3965000.0,0.0,92925940000.0,0.0,1900.0,44320000.0,82300.0,1925500000.0,3468.0,8446000.0,3497.0,10830500.0,2.044011018497195,156760240.0,,,,1000.0
2021-02-22T00:00:00,TCH,23.65,22.6,23.3,23.143926529046656,22.8,23.3,5735600.0,5735600.0,0.0,132744305000.0,0.0,58000.0,1340660000.0,361500.0,8347920000.0,4253.0,10124600.0,3764.0,13997200.0,2.044011018497195,157107960.0,-132610000.0,0.0,-132610000.0,1000.0
2021-02-23T00:00:00,TCH,23.45,22.6,22.8,22.902360646298895,23.0,22.8,5557800.0,5557800.0,0.0,127286740000.0,0.0,137000.0,3147580000.0,29800.0,681920000.0,4262.0,12179200.0,3406.0,10587400.0,2.044011018497195,157186960.0,-874760000.0,0.0,-874760000.0,1000.0
2021-02-24T00:00:00,TCH,23.3,22.1,23.3,22.687812626134274,22.25,23.0,6833300.0,6689300.0,144000.0,155143185000.0,3377600000.0,56200.0,1282710000.0,155000.0,3500330000.0,5022.0,11298900.0,3302.0,13345200.0,2.044011018497195,157201060.0,-1275365000.0,0.0,-1275365000.0,1000.0
2021-02-25T00:00:00,TCH,22.7,21.85,22.6,22.17525889420367,22.05,22.25,6209100.0,6209100.0,0.0,137688400000.0,0.0,9900.0,220950000.0,167500.0,3687080000.0,5409.0,13181300.0,3155.0,13034300.0,2.044011018497195,157540660.0,622720000.0,0.0,622720000.0,1000.0
2021-02-26T00:00:00,TCH,22.05,21.4,21.7,21.714941318877955,21.8,22.05,5700300.0,5700300.0,0.0,123781680000.0,0.0,18200.0,395710000.0,178600.0,3868880000.0,6450.0,12995200.0,2271.0,10255500.0,2.044011018497195,157536260.0,,,,1000.0
2021-03-01T00:00:00,TCH,22.7,21.9,22.05,22.336419675902768,22.6,21.8,4142800.0,3998800.0,144000.0,92647875000.0,3329000000.0,165700.0,3742280000.0,3300.0,74280000.0,3129.0,8555300.0,2817.0,8012500.0,2.044011018497195,157525560.0,,,,1000.0
2021-03-02T00:00:00,TCH,23.1,22.4,23.0,22.74873525133344,22.5,22.6,3712200.0,3712200.0,0.0,84447855000.0,0.0,39200.0,893180000.0,135600.0,3076020000.0,2523.0,6922700.0,3460.0,9856700.0,2.044011018497195,157647860.0,-757460000.0,0.0,-757460000.0,1000.0
2021-03-03T00:00:00,TCH,22.9,22.3,22.4,22.59503129535559,22.75,22.5,4409600.0,4409600.0,0.0,99635050000.0,0.0,35000.0,794510000.0,28400.0,643780000.0,2885.0,8527900.0,3223.0,8700200.0,2.044011018497195,157785060.0,,,,1000.0
2021-03-04T00:00:00,TCH,22.95,21.6,22.85,22.3415810251239,21.8,22.75,4660900.0,4660900.0,0.0,104131875000.0,0.0,51500.0,1148110000.0,112400.0,2495870000.0,3887.0,7940900.0,3137.0,11524200.0,2.044011018497195,157730460.0,,,,1000.0
2021-03-05T00:00:00,TCH,22.2,21.55,21.8,21.82284820820619,21.95,21.8,3965300.0,3965300.0,0.0,86534140000.0,0.0,86600.0,1898120000.0,223500.0,4854660000.0,4279.0,9933900.0,2399.0,8932400.0,2.044011018497195,157776460.0,-213160000.0,0.0,-213160000.0,1000.0
2021-03-08T00:00:00,TCH,22.4,22.0,22.1,22.198645814911192,22.05,21.95,3988100.0,3958100.0,30000.0,88551460000.0,687000000.0,108100.0,2409320000.0,60200.0,1333740000.0,2868.0,6642800.0,2084.0,7454600.0,2.044011018497195,157680760.0,-64380000.0,0.0,-64380000.0,1000.0
2021-03-09T00:00:00,TCH,23.0,21.75,22.05,22.38526287377817,22.35,22.05,5186900.0,5186900.0,0.0,116110120000.0,0.0,127600.0,2869430000.0,140600.0,3168520000.0,4219.0,10327000.0,3717.0,11267700.0,2.044011018497195,157649560.0,-689005000.0,0.0,-689005000.0,1000.0
2021-03-10T00:00:00,TCH,22.8,22.35,22.6,22.660280842527584,22.7,22.35,3988000.0,3988000.0,0.0,90369200000.0,0.0,53900.0,1222380000.0,61000.0,1380370000.0,2510.0,7627100.0,3587.0,10230800.0,2.044011018497195,157799160.0,,,,1000.0
2021-03-11T00:00:00,TCH,23.05,22.7,23.0,22.832665236276103,22.8,22.7,3821800.0,3821800.0,0.0,87261880000.0,0.0,70600.0,1614500000.0,10200.0,232640000.0,2435.0,6956200.0,3479.0,10200300.0,2.044011018497195,157776760.0,899950000.0,0.0,899950000.0,1000.0
2021-03-12T00:00:00,TCH,22.9,22.5,22.9,22.721037078338448,22.65,22.8,3587000.0,3587000.0,0.0,81500360000.0,0.0,2500.0,57000000.0,88800.0,2018860000.0,2620.0,6241200.0,3094.0,9242100.0,2.044011018497195,157898860.0,-401565000.0,0.0,-401565000.0,1000.0
2021-03-15T00:00:00,TCH,22.95,22.5,22.6,22.75260018430425,22.7,22.65,4015100.0,4015100.0,0.0,91353965000.0,0.0,2500.0,56950000.0,29200.0,662650000.0,2658.0,7322800.0,3171.0,8635000.0,2.044011018497195,157957360.0,1771220000.0,0.0,1771220000.0,1000.0
2021-03-16T00:00:00,TCH,23.8,22.7,22.75,23.384176487184497,23.6,22.7,9215400.0,9215400.0,0.0,215494540000.0,0.0,154400.0,3638070000.0,160200.0,3781250000.0,5333.0,18226600.0,6317.0,17714300.0,2.044011018497195,157813160.0,-698335000.0,0.0,-698335000.0,1000.0
2021-03-17T00:00:00,TCH,24.4,23.65,23.8,24.095937299550993,23.85,23.6,6236000.0,6236000.0,0.0,150262265000.0,0.0,178600.0,4297930000.0,28100.0,678470000.0,3806.0,11010600.0,5500.0,14130300.0,2.044011018497195,157716160.0,159545000.0,0.0,159545000.0,1000.0
2021-03-18T00:00:00,TCH,24.0,23.5,24.0,23.74748482323533,23.8,23.85,4200500.0,4200500.0,0.0,99751310000.0,0.0,3200.0,75850000.0,103500.0,2469710000.0,3355.0,7217300.0,3359.0,9803000.0,2.044011018497195,157730160.0,549345000.0,0.0,549345000.0,1000.0
2021-03-19T00:00:00,TCH,23.75,23.0,23.6,23.382022350325613,23.0,23.8,5082700.0,5082700.0,0.0,118843805000.0,0.0,13000.0,306340000.0,1140200.0,26329200000.0,3882.0,7808400.0,2432.0,9892200.0,2.044011018497195,157873790.0,,,,1000.0
2021-03-22T00:00:00,TCH,23.45,23.0,23.3,23.23020688947071,23.2,23.0,3895800.0,3895800.0,0.0,90500240000.0,0.0,66800.0,1555900000.0,170600.0,3956880000.0,2840.0,7383500.0,2367.0,8305800.0,2.044011018497195,157829090.0,,,,1000.0
2021-03-23T00:00:00,TCH,23.2,22.5,23.2,22.898671917313592,22.65,23.2,4431200.0,4431200.0,0.0,101468595000.0,0.0,31100.0,719280000.0,391500.0,8924040000.0,3696.0,7211900.0,2256.0,8953700.0,2.044011018497195,157861430.0,,,,1000.0
2021-03-24T00:00:00,TCH,22.5,21.7,22.25,22.19941552570395,21.9,22.65,6193600.0,6193600.0,0.0,137494300000.0,0.0,15500.0,343800000.0,140500.0,3125630000.0,4436.0,9895900.0,2496.0,11977800.0,2.044011018497195,158983330.0,,,,1000.0
2021-03-25T00:00:00,TCH,22.2,21.55,21.95,21.885611592106155,21.8,21.9,4423700.0,4423700.0,0.0,96815380000.0,0.0,42700.0,936270000.0,168700.0,3684730000.0,4020.0,8580000.0,2559.0,8808700.0,2.044011018497195,159103180.0,534815000.0,0.0,534815000.0,1000.0
2021-03-26T00:00:00,TCH,21.9,20.8,21.7,21.425974676812306,21.6,21.8,4888800.0,4888800.0,0.0,104747305000.0,0.0,108600.0,2356040000.0,54000.0,1129850000.0,4108.0,10806700.0,2214.0,9110300.0,2.044011018497195,159385720.0,-153150000.0,0.0,-153150000.0,1000.0
2021-03-29T00:00:00,TCH,22.6,21.65,21.9,22.001554002648707,22.4,21.6,3568900.0,3548900.0,20000.0,78543315000.0,462000000.0,241200.0,5371900000.0,46900.0,1044260000.0,2774.0,7916500.0,2104.0,6506400.0,2.044011018497195,159291020.0,,,,1000.0
2021-03-30T00:00:00,TCH,23.0,22.2,22.55,22.582685785478624,22.8,22.4,4334300.0,4334300.0,0.0,97880135000.0,0.0,65200.0,1462000000.0,75200.0,1681510000.0,2140.0,12587200.0,3335.0,9767300.0,2.044011018497195,159394520.0,-655955000.0,0.0,-655955000.0,1000.0
2021-03-31T00:00:00,TCH,23.55,22.5,22.8,23.094354528432554,22.9,22.8,7797400.0,7797400.0,0.0,180075920000.0,0.0,463100.0,10649430000.0,189200.0,4364690000.0,3046.0,17778200.0,4642.0,14294600.0,2.044011018497195,158994280.0,-331590000.0,0.0,-331590000.0,1000.0
2021-04-01T00:00:00,TCH,24.3,22.9,23.0,23.370570440427937,24.25,22.9,11788100.0,11768100.0,20000.0,275467210000.0,440000000.0,351500.0,8229540000.0,105800.0,2464980000.0,4221.0,20798500.0,4301.0,16711100.0,2.044011018497195,158688480.0,-59820000.0,0.0,-59820000.0,1000.0
2021-04-02T00:00:00,TCH,24.7,23.75,24.4,24.002855452357746,24.2,24.25,10056200.0,10056200.0,0.0,241377515000.0,0.0,418000.0,10013430000.0,114700.0,2745330000.0,5182.0,14685000.0,4720.0,18465300.0,2.044011018497195,147550883.0,679380000.0,0.0,679380000.0,1000.0
2021-04-05T00:00:00,TCH,24.75,23.9,24.4,24.271202200748085,24.55,24.2,14249700.0,14249700.0,0.0,345857350000.0,0.0,350800.0,8547510000.0,280500.0,6893150000.0,3999.0,26938300.0,5619.0,23747900.0,2.044011018497195,147389283.0,142155000.0,0.0,142155000.0,1000.0
2021-04-06T00:00:00,TCH,26.0,24.05,24.2,24.567507580981893,25.9,24.55,10605700.0,10585700.0,20000.0,260584265000.0,520000000.0,351000.0,8518920000.0,107000.0,2596930000.0,3964.0,20117400.0,3866.0,16526300.0,2.044011018497195,147144083.0,275470000.0,0.0,275470000.0,1000.0
2021-04-07T00:00:00,TCH,26.5,25.15,25.5,25.5389385458344,26.4,25.9,10147400.0,10147400.0,0.0,259153825000.0,0.0,441000.0,11172970000.0,17900.0,465180000.0,4342.0,17331900.0,5393.0,22262700.0,2.044011018497195,146817783.0,95760000.0,0.0,95760000.0,1000.0
2021-04-08T00:00:00,TCH,26.05,25.5,26.05,25.758803554288704,26.0,26.4,6876200.0,6876200.0,0.0,177122685000.0,0.0,306300.0,7909990000.0,6500.0,167490000.0,3983.0,11562100.0,4825.0,20749800.0,2.044011018497195,146923983.0,-3657040000.0,0.0,-3657040000.0,1000.0
2021-04-09T00:00:00,TCH,26.4,25.0,25.6,25.538393806685246,26.4,26.0,18355900.0,18335900.0,20000.0,468767435000.0,498000000.0,270100.0,6855690000.0,89600.0,2306730000.0,6005.0,38278400.0,6079.0,34479200.0,2.044011018497195,146762883.0,211110000.0,0.0,211110000.0,1000.0
2021-04-12T00:00:00,TCH,26.0,25.55,26.0,25.629959888579386,25.9,26.4,13462500.0,13462500.0,0.0,345043335000.0,0.0,222400.0,5698470000.0,40700.0,1042470000.0,6605.0,35966300.0,5298.0,30940200.0,2.044011018497195,146560783.0,225300000.0,0.0,225300000.0,1000.0
2021-04-13T00:00:00,TCH,25.8,24.4,25.8,25.08304113576344,24.6,25.9,10375400.0,10375400.0,0.0,260246585000.0,0.0,408900.0,10274010000.0,483700.0,12105360000.0,6668.0,16511000.0,4993.0,28866100.0,2.044011018497195,146158383.0,11760085000.0,0.0,11760085000.0,1000.0
2021-04-14T00:00:00,TCH,24.9,23.9,24.1,24.311120311881695,24.5,24.6,6823100.0,6823100.0,0.0,165877205000.0,0.0,403400.0,9876300000.0,362700.0,8728500000.0,6223.0,14557900.0,3430.0,14915800.0,2.044011018497195,145842983.0,18920000.0,0.0,18920000.0,1000.0
2021-04-15T00:00:00,TCH,25.1,23.95,24.5,24.36235848754049,23.95,24.5,6236200.0,6236200.0,0.0,151928540000.0,0.0,260200.0,6426870000.0,266400.0,6477160000.0,4715.0,10720100.0,4227.0,18033700.0,2.044011018497195,145617393.0,-1050770000.0,0.0,-1050770000.0,1000.0
2021-04-16T00:00:00,TCH,23.9,22.65,23.9,23.192869384858906,22.95,23.95,9160500.0,9160500.0,0.0,212458280000.0,0.0,701400.0,16419120000.0,172900.0,4027080000.0,7649.0,16106000.0,3620.0,17323400.0,2.044011018497195,145399693.0,-1611680000.0,0.0,-1611680000.0,1000.0
2021-04-19T00:00:00,TCH,23.7,22.65,22.9,23.117254890662362,23.35,22.95,6941800.0,6941800.0,0.0,160475360000.0,0.0,199100.0,4624480000.0,249700.0,5811140000.0,4350.0,13071500.0,3043.0,12750500.0,2.044011018497195,145559333.0,-1518910000.0,0.0,-1518910000.0,1000.0
2021-04-20T00:00:00,TCH,23.55,22.75,23.5,23.16293688918337,22.75,23.35,4829600.0,4829600.0,0.0,111867720000.0,0.0,172000.0,3987480000.0,106800.0,2468320000.0,4350.0,8339100.0,2381.0,11225300.0,2.044011018497195,145641733.0,-2250995000.0,0.0,-2250995000.0,1000.0
2021-04-22T00:00:00,TCH,22.85,21.5,22.5,22.246942589252342,21.5,22.75,6153900.0,6153900.0,0.0,136905460000.0,0.0,141700.0,3157010000.0,638700.0,14082090000.0,5311.0,10055900.0,2809.0,11975200.0,2.044011018497195,145673833.0,-1105660000.0,0.0,-1105660000.0,1000.0
2021-04-23T00:00:00,TCH,22.4,21.3,21.5,21.74811376529932,22.3,21.5,7949700.0,7949700.0,0.0,172890980000.0,0.0,583200.0,12738990000.0,252800.0,5463740000.0,6495.0,16492700.0,3093.0,11701100.0,2.044011018497195,145340633.0,-590795000.0,0.0,-590795000.0,1000.0
2021-04-26T00:00:00,TCH,22.3,21.5,22.3,21.844239490668063,21.5,22.3,4586400.0,4586400.0,0.0,100186420000.0,0.0,152100.0,3345930000.0,366700.0,7984680000.0,4288.0,8066100.0,2020.0,8737800.0,2.044011018497195,145297333.0,-107300000.0,0.0,-107300000.0,1000.0
2021-04-27T00:00:00,TCH,22.1,21.2,21.5,21.64613088235294,21.75,21.5,3400000.0,3400000.0,0.0,73596845000.0,0.0,434700.0,9461700000.0,275100.0,5921740000.0,3306.0,7871600.0,2264.0,7349400.0,2.044011018497195,145502233.0,-218655000.0,0.0,-218655000.0,1000.0
2021-04-28T00:00:00,TCH,22.25,21.7,21.75,21.966457781510435,22.0,21.75,3095800.0,3095800.0,0.0,68003760000.0,0.0,299200.0,6571470000.0,268000.0,5866560000.0,2633.0,6275000.0,2095.0,7084900.0,2.044011018497195,145455833.0,-495770000.0,0.0,-495770000.0,1000.0
2021-04-29T00:00:00,TCH,22.2,21.7,22.2,21.942152578513703,21.7,22.0,3798700.0,3798700.0,0.0,83351655000.0,0.0,179200.0,3925790000.0,350300.0,7679680000.0,2693.0,6065000.0,2051.0,8890600.0,2.044011018497195,145639733.0,-88800000.0,0.0,-88800000.0,1000.0
2021-05-04T00:00:00,TCH,22.95,21.1,21.35,22.173729890287245,22.55,21.7,5824300.0,5824300.0,0.0,129146455000.0,0.0,564400.0,12653630000.0,106900.0,2367450000.0,4122.0,12583100.0,3986.0,11030300.0,2.044011018497195,145345633.0,-974380000.0,0.0,-974380000.0,1000.0
2021-05-05T00:00:00,TCH,22.95,22.5,22.8,22.639937079813826,22.5,22.55,3480600.0,3480600.0,0.0,78800565000.0,0.0,23000.0,518780000.0,66800.0,1508870000.0,2654.0,6193700.0,2878.0,8393100.0,2.044011018497195,145586553.0,-53640000.0,0.0,-53640000.0,1000.0
2021-05-06T00:00:00,TCH,23.5,22.7,22.95,23.06179786685822,22.7,22.5,6403700.0,6403700.0,0.0,147680835000.0,0.0,760100.0,17532990000.0,586900.0,13485470000.0,4333.0,11337100.0,4497.0,14780800.0,2.044011018497195,145172753.0,2292705000.0,0.0,2292705000.0,1000.0
2021-05-07T00:00:00,TCH,22.65,21.8,22.6,22.15234842467567,21.9,22.7,5665500.0,5665500.0,0.0,125504130000.0,0.0,280000.0,6152750000.0,868800.0,19169070000.0,5080.0,10405100.0,2493.0,12026400.0,2.044011018497195,144999653.0,91400000.0,0.0,91400000.0,1000.0
2021-05-10T00:00:00,TCH,22.3,21.5,21.6,21.822278201032194,21.85,21.9,4475900.0,4475900.0,0.0,97674340000.0,0.0,4400.0,95950000.0,229300.0,5029840000.0,4304.0,9107500.0,2243.0,8527700.0,2.044011018497195,145058053.0,915520000.0,0.0,915520000.0,1000.0
2021-05-11T00:00:00,TCH,22.6,22.0,22.0,22.31290881023266,22.1,21.85,4534500.0,4534500.0,0.0,101177890000.0,0.0,26600.0,586600000.0,150700.0,3351570000.0,2893.0,8468700.0,3538.0,8680100.0,2.044011018497195,145610353.0,1157760000.0,0.0,1157760000.0,1000.0
2021-05-12T00:00:00,TCH,22.4,22.05,22.1,22.204115848041564,22.3,22.1,2713900.0,2713900.0,0.0,60259750000.0,0.0,53100.0,1178330000.0,430000.0,9566820000.0,2582.0,6076300.0,2103.0,5925300.0,2.044011018497195,146430453.0,364870000.0,0.0,364870000.0,1000.0
2021-05-13T00:00:00,TCH,22.75,22.0,22.35,22.417034243705483,22.0,22.3,5250600.0,5250600.0,0.0,117702880000.0,0.0,56200.0,1251670000.0,109000.0,2452860000.0,3579.0,8637800.0,3378.0,11922600.0,2.044011018497195,146599553.0,0.0,0.0,0.0,1000.0
2021-05-14T00:00:00,TCH,22.5,22.0,22.2,22.231080401483563,22.5,22.0,4772300.0,4772300.0,0.0,106093390000.0,0.0,8100.0,178410000.0,22800.0,512150000.0,3011.0,9306300.0,2738.0,8838900.0,2.044011018497195,146742153.0,621630000.0,0.0,621630000.0,1000.0
2021-05-17T00:00:00,TCH,23.1,22.4,23.0,22.4,22.9,22.5,6798500.0,6798500.0,0.0,154841290000.0,0.0,110000.0,2512000000.0,34800.0,794700000.0,3906.0,10841600.0,4695.0,13825400.0,2.044011018497195,147056153.0,-330380000.0,0.0,-330380000.0,1000.0
2021-05-18T00:00:00,TCH,22.75,22.2,22.75,22.2,22.2,22.9,3444400.0,3444400.0,0.0,77252060000.0,0.0,82900.0,1873000000.0,112100.0,2492200000.0,2925.0,5933900.0,2980.0,10278600.0,2.044011018497195,147083153.0,63340000.0,0.0,63340000.0,1000.0
2021-05-19T00:00:00,TCH,22.3,21.8,22.2,21.967525831724764,21.85,22.2,5375500.0,4403500.0,972000.0,119819000000.0,23085000000.0,2100.0,46090000.0,87600.0,1918840000.0,3577.0,7661400.0,2704.0,10149500.0,2.044011018497195,147099853.0,-149160000.0,0.0,-149160000.0,1000.0
2021-05-20T00:00:00,TCH,21.95,21.3,21.85,21.59712935722564,21.95,21.85,7702200.0,6730200.0,972000.0,168049200000.0,22696200000.0,3300.0,70950000.0,24300.0,530390000.0,5112.0,10715200.0,3204.0,11876000.0,2.044011018497195,147126553.0,146480000.0,0.0,146480000.0,1000.0
2021-05-21T00:00:00,TCH,22.5,21.55,21.9,21.935681530676785,22.5,21.95,6031200.0,5059200.0,972000.0,133770400000.0,22793400000.0,57000.0,1257150000.0,154900.0,3420810000.0,3358.0,11683800.0,2970.0,9975200.0,2.044011018497195,147181613.0,39465000.0,0.0,39465000.0,1000.0
2021-05-24T00:00:00,TCH,23.5,22.35,22.6,22.783858475300452,23.5,22.5,11972200.0,11000200.0,972000.0,274003600000.0,23376600000.0,488800.0,11165300000.0,357100.0,8218950000.0,5624.0,23558600.0,6130.0,19583600.0,2.044011018497195,146780413.0,503260000.0,0.0,503260000.0,1000.0
2021-05-25T00:00:00,TCH,23.55,23.05,23.2,23.22582133628645,23.5,23.5,6501600.0,6501600.0,0.0,151005000000.0,0.0,75800.0,1776990000.0,125700.0,2934660000.0,4228.0,12879000.0,5328.0,16515900.0,2.044011018497195,146728913.0,-103280000.0,0.0,-103280000.0,1000.0
2021-05-26T00:00:00,TCH,23.25,22.85,23.2,23.059999185899784,23.0,23.5,4913400.0,4913400.0,0.0,113303000000.0,0.0,126100.0,2900180000.0,7000.0,161150000.0,3070.0,7469400.0,4478.0,15039200.0,2.044011018497195,146758513.0,470360000.0,0.0,470360000.0,1000.0
2021-05-27T00:00:00,TCH,22.8,22.0,22.8,22.349848013696235,22.1,23.0,6696200.0,5724200.0,972000.0,150777000000.0,22842000000.0,221300.0,4901030000.0,220500.0,4900890000.0,4507.0,8598600.0,3907.0,13582500.0,2.044011018497195,146898313.0,-21610000.0,0.0,-21610000.0,1000.0
2021-05-28T00:00:00,TCH,22.65,21.9,22.0,22.14254143646409,22.5,22.1,5430000.0,5430000.0,0.0,120234000000.0,0.0,84900.0,1906220000.0,112100.0,2511610000.0,4703.0,12394200.0,2952.0,11618400.0,2.044011018497195,146939113.0,467200000.0,0.0,467200000.0,1000.0
2021-05-31T00:00:00,TCH,22.5,22.0,22.2,22.132127147481118,22.3,22.5,4819600.0,4819600.0,0.0,106668000000.0,0.0,7100.0,156830000.0,4800.0,106420000.0,3083.0,8743900.0,3030.0,11908700.0,2.044011018497195,146942013.0,694680000.0,0.0,694680000.0,1000.0
2021-06-01T00:00:00,TCH,22.2,21.8,22.2,22.022617124394184,21.85,22.3,6499500.0,6499500.0,0.0,143136000000.0,0.0,4500.0,99000000.0,5600.0,123040000.0,3542.0,8706500.0,2570.0,12035000.0,2.044011018497195,147159213.0,-229300000.0,0.0,-229300000.0,1000.0
2021-06-02T00:00:00,TCH,22.3,21.6,21.75,21.979952566339847,22.2,21.85,4469400.0,4469400.0,0.0,98237199999.9993,0.0,12100.0,266870000.0,14200.0,314360000.0,5037.0,10663800.0,2558.0,9255500.0,2.044011018497195,147260413.0,1316015000.0,0.0,1316015000.0,1000.0
2021-06-03T00:00:00,TCH,22.5,22.15,22.5,22.288948617841516,22.35,22.2,5097100.0,5097100.0,0.0,113609000000.0,0.0,74600.0,1666400000.0,79900.0,1779120000.0,3259.0,7772800.0,3674.0,11077300.0,2.044011018497195,147190613.0,-538540000.0,0.0,-538540000.0,1000.0
2021-06-04T00:00:00,TCH,22.35,22.0,22.35,22.172912756553856,22.1,22.35,4955100.0,4955100.0,0.0,109869000000.0,0.0,58800.0,1307470000.0,17600.0,387720000.0,3911.0,6874000.0,2842.0,9597100.0,2.044011018497195,147141013.0,433505000.0,0.0,433505000.0,1000.0
2021-06-07T00:00:00,TCH,23.0,22.1,22.3,22.561009001608653,22.6,22.1,5843400.0,5843400.0,0.0,131833000000.0,0.0,6600.0,147930000.0,2000.0,45400000.0,3965.0,9256800.0,4281.0,10820500.0,2.044011018497195,139492228.0,322960000.0,0.0,322960000.0,1000.0
2021-06-08T00:00:00,TCH,22.85,21.9,22.65,22.378934624697337,21.9,22.6,4956000.0,4956000.0,0.0,110910000000.0,0.0,10000.0,224950000.0,75200.0,1668320000.0,3447.0,6112200.0,3596.0,11087100.0,2.044011018497195,139563728.0,408795000.0,0.0,408795000.0,1000.0
2021-06-09T00:00:00,TCH,22.2,21.75,21.9,21.97114224941342,22.0,21.9,4610300.0,4560300.0,50000.0,101345000000.0,1150000000.0,79100.0,1739770000.0,76600.0,1684550000.0,4229.0,7775700.0,2247.0,8051100.0,2.044011018497195,139506628.0,-438590000.0,0.0,-438590000.0,1000.0
2021-06-10T00:00:00,TCH,22.1,21.8,21.9,21.913115475174003,21.8,22.0,3864900.0,3864900.0,0.0,84692000000.0,0.0,8800.0,192780000.0,26300.0,573340000.0,3892.0,6433800.0,2076.0,7441600.0,2.044011018497195,139506228.0,-1292210000.0,0.0,-1292210000.0,1000.0
2021-06-11T00:00:00,TCH,22.1,21.75,21.8,21.88788230357187,21.9,21.8,4051100.0,4051100.0,0.0,88670000000.0,0.0,3800.0,82960000.0,0.0,0.0,3924.0,6673800.0,2142.0,7629300.0,2.044011018497195,139589228.0,140340000.0,0.0,140340000.0,1000.0
2021-06-14T00:00:00,TCH,22.3,21.75,21.9,22.025868294924827,22.2,21.9,7665500.0,7615500.0,50000.0,168813000000.0,1075000000.0,122400.0,2695400000.0,165100.0,3646580000.0,5369.0,15953700.0,2824.0,11588300.0,2.044011018497195,139552428.0,333890000.0,0.0,333890000.0,1000.0
2021-06-15T00:00:00,TCH,22.3,21.5,22.3,21.867397326267614,22.3,22.2,8303000.0,8303000.0,0.0,181565000000.0,0.0,231600.0,5086250000.0,212800.0,4638210000.0,7190.0,16113600.0,4260.0,14278500.0,2.044011018497195,139347128.0,90135000.0,0.0,90135000.0,1000.0
2021-06-16T00:00:00,TCH,22.85,22.1,22.35,22.48741793488875,22.5,22.3,6656300.0,6656300.0,0.0,149683000000.0,0.0,338000.0,7577630000.0,261700.0,5911410000.0,4737.0,12153500.0,5924.0,15986700.0,2.044011018497195,146992643.0,412000000.0,0.0,412000000.0,1000.0
2021-06-17T00:00:00,TCH,22.5,22.1,22.1,22.292822519418326,22.2,22.5,3424600.0,3424600.0,0.0,76344000000.0,0.0,16800.0,373870000.0,38300.0,853780000.0,2979.0,5908900.0,2898.0,8377200.0,2.044011018497195,147140043.0,-951740000.0,0.0,-951740000.0,1000.0
2021-06-18T00:00:00,TCH,23.75,22.1,22.3,23.04830563151851,23.5,22.2,16999200.0,16894200.0,105000.0,391850185000.0,2467500000.0,720800.0,16624570000.0,1721000.0,39993100000.0,8715.0,29447700.0,9924.0,30395400.0,2.044011018497195,146738593.0,978250000.0,0.0,978250000.0,1000.0
2021-06-21T00:00:00,TCH,23.5,22.8,23.5,23.130362391477938,22.8,23.5,5885900.0,5885900.0,0.0,136143000000.0,0.0,29400.0,685540000.0,426100.0,9874100000.0,4009.0,9254500.0,5138.0,13251900.0,2.044011018497195,146976893.0,-369080000.0,0.0,-369080000.0,1000.0
2021-06-22T00:00:00,TCH,23.3,22.65,22.8,22.903332902964017,22.7,22.8,5421700.0,5421700.0,0.0,124175000000.0,0.0,370000.0,8490650000.0,426000.0,9784490000.0,3808.0,8833500.0,4444.0,12402200.0,2.044011018497195,146649193.0,347555000.0,0.0,347555000.0,1000.0
2021-06-23T00:00:00,TCH,22.7,22.1,22.6,22.30173532878736,22.1,22.7,6701900.0,6701900.0,0.0,149464000000.0,0.0,28600.0,634080000.0,126600.0,2807350000.0,5902.0,10539700.0,2939.0,12126700.0,2.044011018497195,148236593.0,-850470000.0,0.0,-850470000.0,1000.0
2021-06-24T00:00:00,TCH,22.4,21.9,22.1,22.102348423499908,22.15,22.1,3828100.0,3828100.0,0.0,84610000000.0,0.0,39800.0,881040000.0,8000.0,176660000.0,4265.0,7781500.0,2447.0,9136100.0,2.044011018497195,148622893.0,-115200000.0,0.0,-115200000.0,1000.0
2021-06-25T00:00:00,TCH,22.3,21.9,22.25,22.06740852229268,22.05,22.15,4052900.0,4052900.0,0.0,89437000000.0,0.0,10100.0,222970000.0,26400.0,584000000.0,3434.0,8900400.0,2370.0,8571600.0,2.044011018497195,149038793.0,45855000.0,0.0,45855000.0,1000.0
2021-06-28T00:00:00,TCH,22.15,21.9,22.0,21.992630459039365,22.05,22.05,3853700.0,3853700.0,0.0,84753000000.0,0.0,11300.0,249030000.0,77200.0,1698360000.0,4334.0,7913500.0,2459.0,7680800.0,2.044011018497195,149156893.0,-32745000.0,0.0,-32745000.0,1000.0
2021-06-29T00:00:00,TCH,22.3,21.9,22.0,22.015171101734186,21.9,22.05,4099900.0,4099900.0,0.0,90260000000.0,0.0,67000.0,1481170000.0,652000.0,14335640000.0,3977.0,7780600.0,2592.0,8964700.0,2.044011018497195,149099893.0,605275000.0,0.0,605275000.0,1000.0
2021-06-30T00:00:00,TCH,22.1,21.85,21.9,21.939799331103682,21.85,21.9,2541500.0,2541500.0,0.0,55760000000.0,0.0,18100.0,396460000.0,39900.0,874100000.0,2935.0,5044500.0,2124.0,6787700.0,2.044011018497195,149114193.0,248025000.0,0.0,248025000.0,1000.0
2021-07-01T00:00:00,TCH,22.0,21.75,21.9,21.843832210690643,21.9,21.85,3459100.0,3459100.0,0.0,75560000000.0,0.0,24000.0,524980000.0,121400.0,2654320000.0,4333.0,7232300.0,2357.0,7278400.0,2.044011018497195,149177393.0,-140530000.0,0.0,-140530000.0,1000.0
2021-07-02T00:00:00,TCH,22.0,21.7,21.95,21.840028893704506,21.85,21.9,3599400.0,3599400.0,0.0,78611000000.0,0.0,10500.0,229610000.0,32600.0,709250000.0,3459.0,6428600.0,2702.0,7692100.0,2.044011018497195,149834893.0,-686525000.0,0.0,-686525000.0,1000.0
2021-07-05T00:00:00,TCH,21.85,21.2,21.7,21.477525738679166,21.3,21.85,5973500.0,5973500.0,0.0,128296000000.0,0.0,57600.0,1238960000.0,241000.0,5157600000.0,5804.0,8848500.0,2893.0,10282000.0,2.044011018497195,149817193.0,-593360000.0,0.0,-593360000.0,1000.0
2021-07-06T00:00:00,TCH,21.4,20.4,21.2,20.841984404619886,20.6,21.3,10233800.0,10233800.0,0.0,213292699999.999,0.0,69500.0,1441010000.0,195300.0,4060650000.0,7938.0,18386000.0,4186.0,15509000.0,2.044011018497195,149869093.0,-575800000.0,0.0,-575800000.0,1000.0
2021-07-07T00:00:00,TCH,21.9,19.55,20.55,20.181500167352482,21.9,20.6,10158200.0,10158200.0,0.0,205007715000.0,0.0,317700.0,6659970000.0,135200.0,2693180000.0,5899.0,20727100.0,3604.0,13047300.0,2.044011018497195,149583993.0,811745000.0,0.0,811745000.0,1000.0
2021-07-08T00:00:00,TCH,21.35,20.8,21.35,21.03901927659963,21.05,21.9,3314900.0,3314900.0,0.0,69742245000.0001,0.0,172000.0,3632240000.0,111800.0,2352420000.0,2853.0,6501700.0,4249.0,16331200.0,2.044011018497195,149656993.0,-405515000.0,0.0,-405515000.0,1000.0
2021-07-09T00:00:00,TCH,20.75,19.85,20.7,20.206172778246415,20.0,21.05,4030600.0,4030600.0,0.0,81443000000.0,0.0,19800.0,404170000.0,172500.0,3475420000.0,3373.0,7365600.0,3072.0,13703400.0,2.044011018497195,149842493.0,-479140000.0,0.0,-479140000.0,1000.0
2021-07-12T00:00:00,TCH,20.0,18.6,19.8,18.864011220924944,18.75,20.0,7699900.0,7699900.0,0.0,145251000000.0,0.0,270800.0,5046850000.0,275000.0,5132100000.0,4321.0,9542000.0,3239.0,15701800.0,2.044011018497195,149700393.0,-1205815000.0,0.0,-1205815000.0,1000.0
2021-07-13T00:00:00,TCH,19.65,18.5,18.9,19.08014953952767,19.65,18.75,5483500.0,5483500.0,0.0,104626000000.0,0.0,792900.0,15292290000.0,15700.0,294670000.0,2666.0,10947700.0,2714.0,9052500.0,2.044011018497195,149008093.0,-310185000.0,0.0,-310185000.0,1000.0
2021-07-14T00:00:00,TCH,19.75,18.8,19.4,19.30674862080258,19.1,19.65,3969700.0,3969700.0,0.0,76642000000.0,0.0,119300.0,2318000000.0,149500.0,2868200000.0,2724.0,9636800.0,2214.0,8358500.0,2.044011018497195,149055293.0,-474160000.0,0.0,-474160000.0,1000.0
2021-07-15T00:00:00,TCH,19.3,18.9,18.9,19.086583442487104,19.15,19.1,3740900.0,3740900.0,0.0,71401000000.0,0.0,422300.0,8088110000.0,1044000.0,19880650000.0,2377.0,6578400.0,1675.0,9081600.0,2.044011018497195,148885993.0,-1924645000.0,0.0,-1924645000.0,1000.0
2021-07-16T00:00:00,TCH,19.7,19.1,19.2,19.322570433681545,19.2,19.15,4106700.0,4106700.0,0.0,79352000000.0,0.0,141300.0,2736840000.0,85800.0,1655880000.0,1743.0,6861700.0,2469.0,10370600.0,2.044011018497195,148768373.0,-203240000.0,0.0,-203240000.0,1000.0
2021-07-19T00:00:00,TCH,19.1,18.05,18.55,18.45424351018268,18.05,19.2,6864600.0,6864600.0,0.0,126681000000.0,0.0,131100.0,2385330000.0,165700.0,3019640000.0,5304.0,23403800.0,3360.0,14754800.0,2.044011018497195,148798773.0,-471550000.0,0.0,-471550000.0,1000.0
2021-07-20T00:00:00,TCH,18.9,17.6,18.1,18.30665032254869,18.85,18.05,8076300.0,8076300.0,0.0,147850000000.0,0.0,318800.0,5979950000.0,672200.0,12165160000.0,4204.0,43885400.0,4041.0,12872800.0,2.044011018497195,149537573.0,-13030000.0,0.0,-13030000.0,1000.0
2021-07-21T00:00:00,TCH,19.15,18.5,18.55,18.79631972813709,18.9,18.85,11064400.0,11064400.0,0.0,207970000000.0,0.0,116400.0,2197380000.0,20400.0,384790000.0,7174.0,55501000.0,3952.0,18012300.0,2.044011018497195,149510973.0,56620000.0,0.0,56620000.0,1000.0
2021-07-22T00:00:00,TCH,19.2,18.65,18.65,18.920205675109504,19.15,18.9,5776100.0,5776100.0,0.0,109285000000.0,0.0,48200.0,918360000.0,520200.0,9789840000.0,3360.0,12973700.0,2820.0,13043200.0,2.044011018497195,149628473.0,-25995000.0,0.0,-25995000.0,1000.0
2021-07-23T00:00:00,TCH,19.1,18.5,19.0,18.767642227362636,18.5,19.15,2982900.0,2982900.0,0.0,55982000000.0,0.0,15700.0,291770000.0,119000.0,2203840000.0,2394.0,5272100.0,2160.0,7208700.0,2.044011018497195,150284959.0,-1254045000.0,0.0,-1254045000.0,1000.0
2021-07-26T00:00:00,TCH,18.7,18.1,18.3,18.370555510763527,18.6,18.5,2480600.0,2480600.0,0.0,45570000000.0,0.0,29700.0,549690000.0,56300.0,1041010000.0,2671.0,5744000.0,1824.0,6241200.0,2.044011018497195,150275659.0,497640000.0,0.0,497640000.0,1000.0
2021-07-27T00:00:00,TCH,18.9,18.55,18.6,18.715644542540332,18.8,18.6,3805800.0,3805800.0,0.0,71228000000.0,0.0,3800.0,70860000.0,65900.0,1232080000.0,2227.0,7800100.0,2580.0,8038500.0,2.044011018497195,150792059.0,930450000.0,0.0,930450000.0,1000.0
2021-07-28T00:00:00,TCH,19.2,18.5,18.6,18.876989827753835,19.15,18.8,6891300.0,6891300.0,0.0,130087000000.0,0.0,21600.0,412990000.0,54200.0,1014650000.0,3195.0,22551600.0,3319.0,12387300.0,2.044011018497195,150889459.0,205155000.0,0.0,205155000.0,1000.0
2021-07-29T00:00:00,TCH,19.1,18.85,19.1,18.983412322274884,18.9,19.15,2532000.0,2532000.0,0.0,48066000000.0,0.0,200.0,3820000.0,82500.0,1564980000.0,2049.0,5182400.0,2238.0,8292800.0,2.044011018497195,150957559.0,-709300000.0,0.0,-709300000.0,1000.0
2021-07-30T00:00:00,TCH,19.45,18.7,18.9,19.05751042796681,19.15,18.9,13089800.0,13089800.0,0.0,249459000000.0,0.0,30400.0,586640000.0,376500.0,7201280000.0,4909.0,36742300.0,4478.0,23270600.0,2.044011018497195,150993059.0,-1339290000.0,0.0,-1339290000.0,1000.0
2021-08-02T00:00:00,TCH,19.1,18.75,19.0,18.911535497131112,18.8,19.15,3503100.0,3503100.0,0.0,66249000000.0,0.0,9200.0,174380000.0,217300.0,4116110000.0,2458.0,5915500.0,2070.0,7873900.0,2.044011018497195,151038059.0,-187500000.0,0.0,-187500000.0,1000.0
2021-08-03T00:00:00,TCH,19.2,18.65,18.8,18.93373696602758,19.2,18.8,8621700.0,8621700.0,0.0,163241000000.0,0.0,1000.0,18800000.0,201600.0,3797250000.0,3936.0,13369400.0,2811.0,16014900.0,2.044011018497195,151119559.0,0.0,0.0,0.0,1000.0
2021-08-04T00:00:00,TCH,19.1,18.85,19.0,18.956018008374524,18.9,19.2,3176300.0,3176300.0,0.0,60210000000.0,0.0,900.0,17040000.0,170000.0,3217500000.0,2553.0,5503700.0,2693.0,11597800.0,2.044011018497195,151495159.0,-455695000.0,0.0,-455695000.0,1000.0
2021-08-05T00:00:00,TCH,19.1,18.7,18.8,18.893698893698893,18.95,18.9,6237000.0,6237000.0,0.0,117840000000.0,0.0,4700.0,88840000.0,276200.0,5229300000.0,3382.0,11165600.0,2871.0,15273900.0,2.044011018497195,151707759.0,0.0,0.0,0.0,1000.0
2021-08-06T00:00:00,TCH,19.1,18.75,18.95,18.90229655117228,18.85,18.95,6248500.0,6248500.0,0.0,118111000000.0,0.0,4500.0,84880000.0,372500.0,7041670000.0,4171.0,10135500.0,3629.0,14155400.0,2.044011018497195,151904859.0,0.0,0.0,0.0,1000.0
2021-08-09T00:00:00,TCH,19.0,18.8,18.8,18.882359900619157,18.9,18.85,5071400.0,5071400.0,0.0,95760000000.0,0.0,72400.0,1367490000.0,502000.0,9483160000.0,3151.0,8677100.0,2610.0,10725900.0,2.044011018497195,152002459.0,-567000000.0,0.0,-567000000.0,1000.0
2021-08-10T00:00:00,TCH,19.7,18.95,19.15,19.467238211879977,19.65,18.9,11920900.0,11920900.0,0.0,232067000000.0,0.0,50700.0,992650000.0,501500.0,9795980000.0,7243.0,23936000.0,6476.0,20496100.0,2.044011018497195,152227959.0,0.0,0.0,0.0,1000.0
2021-08-11T00:00:00,TCH,20.0,19.7,19.75,19.80575557681656,19.8,19.65,8243600.0,7943600.0,300000.0,162834000000.0,5505000000.0,31900.0,630330000.0,546600.0,10826780000.0,4104.0,15470000.0,4151.0,14484200.0,2.044011018497195,152568559.0,-197500000.0,0.0,-197500000.0,1000.0
2021-08-12T00:00:00,TCH,19.65,19.4,19.5,19.509661783480837,19.5,19.8,4621300.0,4621300.0,0.0,90160000000.0,0.0,1000.0,19550000.0,207100.0,4042050000.0,2869.0,7617400.0,2610.0,8599000.0,2.044011018497195,153069559.0,-166500000.0,0.0,-166500000.0,1000.0
2021-08-13T00:00:00,TCH,19.45,18.85,19.4,19.155344232397574,19.4,19.5,7676500.0,7676500.0,0.0,147046000000.0,0.0,3700.0,71400000.0,222900.0,4258010000.0,4847.0,21551100.0,3362.0,14190200.0,2.044011018497195,153567359.0,-1940000.0,0.0,-1940000.0,1000.0
2021-08-16T00:00:00,TCH,19.55,19.2,19.5,19.32879423167997,19.2,19.4,5700100.0,5700100.0,0.0,110176059999.999,0.0,14200.0,274770000.0,388000.0,7488330000.0,3570.0,8579100.0,3464.0,11098400.0,2.044011018497195,154101559.0,0.0,0.0,0.0,1000.0
2021-08-17T00:00:00,TCH,19.25,18.9,19.25,19.040229335881513,19.05,19.2,5232500.0,5232500.0,0.0,99628000000.0,0.0,8400.0,160300000.0,548800.0,10438670000.0,4415.0,11886200.0,3158.0,9796900.0,2.044011018497195,154300259.0,0.0,0.0,0.0,1000.0
2021-08-18T00:00:00,TCH,19.5,18.85,18.9,19.18116779261431,19.3,19.05,12004700.0,12004700.0,0.0,230264164999.997,0.0,80800.0,1552140000.0,762000.0,14624540000.0,5459.0,31977800.0,4090.0,21167300.0,2.044011018497195,154442359.0,0.0,0.0,0.0,1000.0
2021-08-19T00:00:00,TCH,19.35,18.95,19.35,19.11268829663963,18.95,19.3,3452000.0,3452000.0,0.0,65977000000.0,0.0,3300.0,63130000.0,324400.0,6207010000.0,2556.0,5330700.0,2199.0,8911700.0,2.044011018497195,154827059.0,0.0,0.0,0.0,1000.0
2021-08-20T00:00:00,TCH,19.1,18.4,19.0,18.79001142592194,19.0,18.95,12077800.0,12077800.0,0.0,226942000000.0,0.0,7500.0,141090000.0,473100.0,8927010000.0,5008.0,27154300.0,3604.0,18825200.0,2.044011018497195,155368359.0,0.0,0.0,0.0,1000.0
2021-08-23T00:00:00,TCH,18.8,18.3,18.7,18.590962489413435,18.8,19.0,7320600.0,7320600.0,0.0,136097000000.0,0.0,16000.0,297010000.0,312000.0,5838500000.0,3999.0,17101000.0,2820.0,13424400.0,2.044011018497195,156114359.0,1880000.0,0.0,1880000.0,1000.0
2021-08-24T00:00:00,TCH,18.7,18.2,18.5,18.380184819413092,18.2,18.8,5670400.0,5670400.0,0.0,104223000000.0,0.0,4000.0,73390000.0,418000.0,7703310000.0,3181.0,22445400.0,2568.0,14708000.0,2.044011018497195,156434759.0,91000000.0,0.0,91000000.0,1000.0
2021-08-25T00:00:00,TCH,18.5,18.1,18.25,18.316239039699745,18.35,18.2,3090700.0,3090700.0,0.0,56610000000.0,0.0,6300.0,114860000.0,319000.0,5847650000.0,2314.0,10011200.0,2018.0,7879100.0,2.044011018497195,156901559.0,0.0,0.0,0.0,1000.0
2021-08-26T00:00:00,TCH,18.45,18.2,18.4,18.324728467987807,18.3,18.35,2099200.0,2099200.0,0.0,38467270000.0,0.0,8500.0,155890000.0,300000.0,5509850000.0,2102.0,3599400.0,1811.0,6623200.0,2.044011018497195,157206559.0,0.0,0.0,0.0,1000.0
2021-08-27T00:00:00,TCH,18.45,17.95,18.2,18.189415771548337,18.4,18.3,3817000.0,3817000.0,0.0,69429000000.0,0.0,5400.0,97830000.0,251500.0,4590780000.0,2856.0,6298000.0,2068.0,8804800.0,2.044011018497195,157619159.0,0.0,0.0,0.0,1000.0
2021-08-30T00:00:00,TCH,19.2,18.7,19.1,19.01951730759365,19.0,18.4,13681180.0,13644300.0,36880.0,260186592000.0,678592000.0,86180.0,1612810000.0,408580.0,7744640000.0,5770.0,22788700.0,4857.0,21278200.0,2.044011018497195,157888859.0,0.0,0.0,0.0,1000.0
2021-08-31T00:00:00,TCH,19.85,18.7,19.0,19.379941241000164,19.5,19.0,15861400.0,15861400.0,0.0,307393000000.0,0.0,175800.0,3422560000.0,309300.0,5971190000.0,5662.0,33916000.0,6850.0,26601800.0,2.044011018497195,158013059.0,0.0,0.0,0.0,1000.0
2021-09-01T00:00:00,TCH,19.8,19.3,19.45,19.575478970161594,19.65,19.5,7135100.0,7135100.0,0.0,139673000000.0,0.0,48900.0,957243323.241243,372600.0,7293841763.592784,4281.0,19615000.0,5357.0,17309800.0,2.044011018497195,158215660.0,0.0,0.0,0.0,1000.0
2021-09-06T00:00:00,TCH,20.35,19.45,19.65,19.900299008649554,20.15,19.65,10601700.0,10601700.0,0.0,210977000000.0,0.0,285600.0,5696000000.0,132900.0,2671150000.0,6469.0,17205500.0,5046.0,17201700.0,2.044011018497195,158301759.0,0.0,0.0,0.0,1000.0
2021-09-07T00:00:00,TCH,20.15,19.35,20.15,19.621955696977114,19.4,20.15,8171000.0,8171000.0,0.0,160331000000.0,0.0,15700.0,310210000.0,76000.0,1479370000.0,4320.0,23798400.0,4506.0,19155100.0,2.044011018497195,158595359.0,0.0,0.0,0.0,1000.0
2021-09-08T00:00:00,TCH,19.4,18.65,19.4,18.992727241723294,19.0,19.4,11728700.0,11728700.0,0.0,222760000000.0,0.0,4200.0,80850000.0,120500.0,2284830000.0,6033.0,19119000.0,3512.0,21257100.0,2.044011018497195,158963759.0,0.0,0.0,0.0,1000.0
2021-09-09T00:00:00,TCH,19.05,18.5,18.75,18.671898690309444,18.5,19.0,13850600.0,13850600.0,0.0,258617000000.0,0.0,12400.0,231531239.36869162,564100.0,10532804203.861204,7929.0,24850400.0,5123.0,24679600.0,2.044011018497195,159084260.0,0.0,0.0,0.0,1000.0
2021-09-10T00:00:00,TCH,17.15,17.15,17.15,17.15,17.15,16.1,2452800.0,2452800.0,0.0,42066000000.0,0.0,6000.0,102900000.0,772300.0,13244950000.0,3394.0,62819400.0,395.0,2452800.0,1.7749215121431354,159154259.0,0.0,0.0,0.0,1000.0
2021-09-13T00:00:00,TCH,18.35,17.25,18.35,17.8202181401404,17.25,17.15,16053900.0,16053900.0,0.0,286084000000.0,0.0,68700.0,1225760000.0,388800.0,6738280000.0,6323.0,39623400.0,3182.0,23418200.0,1.7749215121431354,159206059.0,0.0,0.0,0.0,1000.0
2021-09-14T00:00:00,TCH,17.6,16.75,17.1,17.192658290219264,17.45,17.25,11365200.0,11365200.0,0.0,195398000000.0,0.0,37700.0,655820000.0,1648000.0,27893720000.0,4753.0,46834900.0,3453.0,19289800.0,1.7749215121431354,159732459.0,0.0,0.0,0.0,1000.0
2021-09-15T00:00:00,TCH,17.8,17.45,17.45,17.661765112357998,17.8,17.45,7235800.0,7235800.0,0.0,127797000000.0,0.0,10200.0,180930000.0,580200.0,10252850000.0,7202.0,48450300.0,3395.0,14001500.0,1.7749215121431354,160494559.0,0.0,0.0,0.0,1000.0
2021-09-16T00:00:00,TCH,17.7,17.1,17.55,17.318309363570584,17.1,17.8,10089100.0,10089100.0,0.0,174726155000.0,0.0,13100.0,227820000.0,870600.0,15074290000.0,7201.0,22984900.0,3813.0,17158100.0,1.7749215121431354,160870259.0,0.0,0.0,0.0,1000.0
2021-09-17T00:00:00,TCH,17.2,17.0,17.0,17.139453602138182,17.2,17.1,8268700.0,8268700.0,0.0,141721000000.0,0.0,124400.0,2139680000.0,3782000.0,64966720000.0,3445.0,15622500.0,2462.0,15593800.0,1.7749215121431354,162393859.0,0.0,0.0,0.0,1000.0
2021-09-20T00:00:00,TCH,17.4,17.05,17.3,17.155477319772466,17.25,17.2,6135300.0,6135300.0,0.0,105254000000.0,0.0,6000.0,103060000.0,302700.0,5202950000.0,2882.0,15238200.0,2682.0,12048100.0,1.7749215121431354,162968059.0,0.0,0.0,0.0,1000.0
2021-09-21T00:00:00,TCH,17.4,16.9,17.0,17.06656663261252,17.2,17.25,7047600.0,7047600.0,0.0,120278335000.0,0.0,45800.0,778700000.0,128500.0,2210800000.0,4716.0,30087600.0,3251.0,14747500.0,1.7749215121431354,163792859.0,0.0,0.0,0.0,1000.0
2021-09-22T00:00:00,TCH,17.25,17.05,17.2,17.163047225094793,17.25,17.2,4641600.0,4641600.0,0.0,79664000000.0,0.0,1600.0,27440000.0,327200.0,5629250000.0,2603.0,8260200.0,2538.0,13142700.0,1.7749215121431354,167573249.0,0.0,0.0,0.0,1000.0
2021-09-23T00:00:00,TCH,17.7,17.3,17.4,17.546564134662674,17.65,17.25,22367000.0,22367000.0,0.0,392464000000.0,0.0,101100.0,1775090000.0,1633500.0,28784350000.0,7113.0,35529600.0,6008.0,32867500.0,1.7749215121431354,167774849.0,0.0,0.0,0.0,1000.0
2021-09-24T00:00:00,TCH,18.3,17.55,17.7,17.941883261501015,18.05,17.65,15939900.0,15939900.0,0.0,285991825000.0,0.0,150200.0,2681640000.0,634200.0,11344190000.0,5636.0,39069600.0,7059.0,28501300.0,1.7749215121431354,167813549.0,0.0,0.0,0.0,1000.0
2021-09-27T00:00:00,TCH,18.15,17.65,18.1,17.877212787336717,17.9,18.05,8061100.0,8061100.0,0.0,144110000000.0,0.0,700.0,12650000.0,537000.0,9591310000.0,3137.0,24324900.0,4129.0,16796800.0,1.7749215121431354,168081449.0,0.0,0.0,0.0,1000.0
2021-09-28T00:00:00,TCH,18.25,17.35,17.8,17.68542127032693,18.05,17.9,17649000.0,17649000.0,0.0,312130000000.0,0.0,28000.0,496150000.0,488000.0,8687600000.0,5314.0,70680200.0,5432.0,31047000.0,1.7749215121431354,169686949.0,0.0,0.0,0.0,1000.0
2021-09-29T00:00:00,TCH,17.8,17.35,17.7,17.55850586909492,17.8,18.05,12156900.0,12156900.0,0.0,213457000000.0,0.0,28400.0,499570000.0,422400.0,7448870000.0,5623.0,18917400.0,3906.0,25274600.0,1.7749215121431354,170292749.0,0.0,0.0,0.0,1000.0
2021-09-30T00:00:00,TCH,17.85,17.4,17.7,17.62628598443972,17.85,17.8,9729900.0,9729900.0,0.0,171502000000.0,0.0,100.0,1760000.0,269500.0,4757390000.0,4755.0,23083600.0,3486.0,18736600.0,1.7749215121431354,170829649.0,,,,1000.0
2021-10-01T00:00:00,TCH,17.9,17.45,17.55,17.733829418637445,17.9,17.85,12410500.0,12410500.0,0.0,220085690000.0,0.0,21700.0,379770000.0,817500.0,14533170000.0,4644.0,26437200.0,4343.0,26226200.0,1.7749215121431354,171295949.0,0.0,0.0,0.0,1000.0
2021-10-04T00:00:00,TCH,17.8,17.4,17.8,17.52330628963869,17.5,17.9,13891100.0,13891100.0,0.0,243418000000.0,0.0,1600.0,28050000.0,0.0,0.0,5820.0,43073700.0,4891.0,31269900.0,1.7749215121431354,171716749.0,0.0,0.0,0.0,1000.0
2021-10-05T00:00:00,TCH,17.65,17.3,17.4,17.472664149322647,17.55,17.5,11175800.0,11175800.0,0.0,195271000000.0,0.0,500.0,8710000.0,221500.0,3866340000.0,4691.0,21100100.0,4097.0,24026400.0,1.7749215121431354,171985749.0,0.0,0.0,0.0,1000.0
2021-10-06T00:00:00,TCH,17.65,17.4,17.6,17.53661705230712,17.6,17.55,9667900.0,9667900.0,0.0,169542260000.0,0.0,0.0,0.0,200900.0,3516000000.0,3573.0,15065000.0,3505.0,18112700.0,1.7749215121431354,172803249.0,0.0,0.0,0.0,1000.0
2021-10-07T00:00:00,TCH,17.65,17.3,17.65,17.40763831627215,17.3,17.6,4972300.0,4972300.0,0.0,86556000000.0,0.0,3400.0,59070000.0,98200.0,1709740000.0,3581.0,9058000.0,2995.0,14003100.0,1.7749215121431354,172799849.0,0.0,0.0,0.0,1000.0
2021-10-08T00:00:00,TCH,17.4,17.05,17.3,17.242294390185542,17.05,17.3,4597300.0,4597300.0,0.0,79268000000.0,0.0,1200.0,20760000.0,15000.0,259500000.0,3298.0,7512400.0,2897.0,11831600.0,1.7749215121431354,173020149.0,0.0,0.0,0.0,1000.0
2021-10-11T00:00:00,TCH,17.1,16.9,17.05,17.005515302260193,17.0,17.05,4623500.0,4623500.0,0.0,78625000000.0,0.0,23300.0,395300000.0,500000.0,8516320000.0,4307.0,8860600.0,2600.0,9550700.0,1.7749215121431354,173197749.0,0.0,0.0,0.0,1000.0
2021-10-12T00:00:00,TCH,17.3,17.05,17.05,17.149636586157804,17.2,17.0,4003700.0,4003700.0,0.0,68662000000.0,0.0,22800.0,390270000.0,702000.0,12036300000.0,2986.0,8271200.0,2503.0,8671100.0,1.7749215121431354,173273149.0,0.0,0.0,0.0,1000.0
2021-10-13T00:00:00,TCH,17.3,17.1,17.25,17.17944759909587,17.1,17.2,9069500.0,9069500.0,0.0,155809000000.0,0.0,3000.0,51550000.0,561000.0,9624200000.0,2817.0,13616000.0,2528.0,14680300.0,1.7749215121431354,173285149.0,0.0,0.0,0.0,1000.0
2021-10-14T00:00:00,TCH,17.25,17.05,17.1,17.156925438035557,17.15,17.1,6255200.0,6255200.0,0.0,107320000000.0,0.0,5000.0,85800000.0,303100.0,5204440000.0,3698.0,18104800.0,2873.0,12780600.0,1.7749215121431354,173780149.0,0.0,0.0,0.0,1000.0
2021-10-15T00:00:00,TCH,17.2,16.95,17.15,17.055209711942226,17.05,17.15,6120300.0,6120300.0,0.0,104383000000.0,0.0,62300.0,1061280000.0,216500.0,3699590000.0,4808.0,16286900.0,2818.0,13702600.0,1.7749215121431354,174419849.0,0.0,0.0,0.0,1000.0
2021-10-18T00:00:00,TCH,17.1,16.75,17.05,16.910255285551365,16.75,17.05,4559600.0,4559600.0,0.0,77104000000.0,0.0,26700.0,450640000.0,57600.0,979520000.0,3410.0,6238400.0,2520.0,10344500.0,1.7749215121431354,174954149.0,,,,1000.0
2021-10-19T00:00:00,TCH,16.8,16.55,16.75,16.64337516297262,16.55,16.75,4908800.0,4908800.0,0.0,81699000000.0,0.0,31200.0,520920000.0,90900.0,1517080000.0,4489.0,9082500.0,2263.0,10145600.0,1.7749215121431354,175226049.0,0.0,0.0,0.0,1000.0
2021-10-20T00:00:00,TCH,16.85,16.55,16.55,16.705762974900768,16.65,16.55,3350700.0,3350700.0,0.0,55976000000.0,0.0,900.0,14900000.0,212900.0,3559810000.0,2802.0,7884500.0,2218.0,7143300.0,1.7749215121431354,175441649.0,0.0,0.0,0.0,1000.0
2021-10-21T00:00:00,TCH,16.75,16.6,16.7,16.66970452801228,16.65,16.65,2084800.0,2084800.0,0.0,34753000000.0,0.0,20900.0,348480000.0,200100.0,3338620000.0,2392.0,5114300.0,1640.0,5929800.0,1.7749215121431354,175478349.0,-1665000.0,0.0,-1665000.0,1000.0
2021-10-22T00:00:00,TCH,17.35,16.6,16.7,16.999110647100903,17.0,16.65,10344600.0,10344600.0,0.0,175849000000.0,0.0,0.0,0.0,1243400.0,21209800000.0,2902.0,16091700.0,4178.0,20156600.0,1.7749215121431354,175569249.0,0.0,0.0,0.0,1000.0
2021-10-25T00:00:00,TCH,17.25,17.0,17.05,17.110726095663917,17.0,17.0,4294200.0,4294200.0,0.0,73476880000.0,0.0,6500.0,111530000.0,800000.0,13703740000.0,2335.0,7845800.0,3020.0,10380700.0,1.7749215121431354,175775649.0,0.0,0.0,0.0,1000.0
2021-10-26T00:00:00,TCH,17.0,16.8,16.9,16.887666691780304,16.85,17.0,2654600.0,2654600.0,0.0,44830000000.0,0.0,0.0,0.0,26300.0,447060000.0,2318.0,5906700.0,1693.0,7092200.0,1.7749215121431354,175975749.0,0.0,0.0,0.0,1000.0
2021-10-27T00:00:00,TCH,17.15,16.85,16.9,17.019177366510228,16.95,16.85,5646500.0,5646500.0,0.0,96098785000.0,0.0,10500.0,179240000.0,100000.0,1704800000.0,2845.0,9983900.0,3070.0,11809400.0,1.7749215121431354,177208649.0,-34100000.0,0.0,-34100000.0,1000.0
2021-10-28T00:00:00,TCH,17.6,16.95,17.05,17.305394503652735,17.4,16.95,12470100.0,12470100.0,0.0,215800000000.0,0.0,2500.0,43690000.0,610500.0,10601520000.0,4480.0,22630300.0,6018.0,21013400.0,1.7749215121431354,178006149.0,0.0,0.0,0.0,1000.0
2021-10-29T00:00:00,TCH,18.0,17.45,17.55,17.704590064925263,17.85,17.4,10596800.0,10596800.0,0.0,187612000000.0,0.0,11100.0,198330000.0,354900.0,6261450000.0,4479.0,25081800.0,6950.0,18107300.0,1.7749215121431354,178021349.0,-1765000.0,0.0,-1765000.0,1000.0
2021-11-01T00:00:00,TCH,18.9,18.0,18.0,18.694420196331496,18.85,17.85,12784500.0,12784500.0,0.0,238998815000.0,0.0,366200.0,6862460000.0,252200.0,4739590000.0,8085.0,32653700.0,8267.0,19213000.0,1.7749215121431354,177755149.0,0.0,0.0,0.0,1000.0
2021-11-02T00:00:00,TCH,19.45,18.7,19.0,19.14131386861314,19.05,18.85,10375000.0,10275000.0,100000.0,198692000000.0,2015000000.0,53300.0,1013020000.0,227900.0,4374250000.0,6202.0,22258200.0,7222.0,19607200.0,1.7749215121431354,178312349.0,0.0,0.0,0.0,1000.0
2021-11-03T00:00:00,TCH,19.15,18.0,19.05,18.650356508210383,18.0,19.05,13562100.0,13562100.0,0.0,252938000000.0,0.0,108000.0,2037780000.0,547100.0,10212870000.0,9281.0,25008200.0,6149.0,23671800.0,1.7749215121431354,178559249.0,0.0,0.0,0.0,1000.0
2021-11-04T00:00:00,TCH,18.45,17.7,17.85,18.086582170281932,18.0,18.0,7136400.0,7136400.0,0.0,129073085000.0,0.0,204100.0,3700000000.0,160200.0,2904570000.0,5174.0,17217600.0,3422.0,13184100.0,1.7749215121431354,178607349.0,0.0,0.0,0.0,1000.0
2021-11-05T00:00:00,TCH,18.6,18.05,18.1,18.27016162113381,18.5,18.0,4875600.0,4875600.0,0.0,89078000000.0,0.0,223100.0,4076430000.0,165000.0,3010310000.0,3282.0,12743200.0,3211.0,8889600.0,1.7749215121431354,268569216.0,-1815000.0,0.0,-1815000.0,1000.0
2021-11-08T00:00:00,TCH,19.25,18.55,18.7,18.943452836101535,18.9,18.5,7977500.0,7977500.0,0.0,151121395000.0,0.0,1000.0,19000000.0,266100.0,5027060000.0,4064.0,14506300.0,6186.0,15575100.0,1.7749215121431354,269115366.0,0.0,0.0,0.0,1000.0
2021-11-09T00:00:00,TCH,19.15,18.5,19.0,18.72925892841805,18.55,18.9,5821300.0,5821300.0,0.0,109028635000.0,0.0,2100.0,39331443.749677904,417100.0,7811973899.043169,4513.0,9881600.0,3981.0,12761400.0,1.7749215121431354,269273470.0,0.0,0.0,0.0,1000.0
2021-11-10T00:00:00,TCH,19.3,18.35,18.6,18.776988768070133,19.15,18.55,9490800.0,9490800.0,0.0,178208645000.0,0.0,29000.0,551350000.0,484500.0,9139580000.0,5422.0,16739300.0,5426.0,15905000.0,1.7749215121431354,269409466.0,0.0,0.0,0.0,1000.0
2021-11-11T00:00:00,TCH,20.45,19.3,19.5,20.33777306896726,20.45,19.15,11892600.0,11892600.0,0.0,241869000000.0,0.0,89400.0,1796580000.0,125900.0,2572040000.0,6213.0,29373600.0,4807.0,12761700.0,1.7749215121431354,269586246.0,-116520000.0,0.0,-116520000.0,1000.0
2021-11-12T00:00:00,TCH,21.85,21.85,21.85,21.85,21.85,20.45,3170800.0,3170800.0,0.0,69281980000.0,0.0,0.0,0.0,48700.0,1064100000.0,4230.0,17940500.0,1777.0,3171900.0,1.7749215121431354,270003346.0,0.0,0.0,0.0,1000.0
2021-11-15T00:00:00,TCH,23.35,22.0,23.35,23.257575757575758,23.35,21.85,13492400.0,13292400.0,200000.0,313219000000.0,4070000000.0,81200.0,1895720000.0,91600.0,2126380000.0,8629.0,30305564.0,7709.0,22117804.0,1.7749215121431354,270406646.0,0.0,0.0,0.0,1000.0
2021-11-16T00:00:00,TCH,24.4,22.6,22.8,23.50779214101338,23.3,23.35,19447800.0,19447800.0,0.0,457174840000.0,0.0,227000.0,5135080000.0,384700.0,9102340000.0,10085.0,37018100.0,12765.0,37292400.0,1.7749215121431354,270305546.0,0.0,0.0,0.0,1000.0
2021-11-17T00:00:00,TCH,23.85,22.85,23.3,23.316289334200313,23.8,23.3,10150200.0,10150200.0,0.0,236665000000.0,0.0,111300.0,2571540000.0,54100.0,1259100000.0,6061.0,20394700.0,6227.0,17312300.0,1.7749215121431354,270242946.0,0.0,0.0,0.0,1000.0
2021-11-18T00:00:00,TCH,25.45,24.0,24.0,25.33978614028202,25.45,23.8,10446100.0,10446100.0,0.0,264701940000.0,0.0,300600.0,7650270000.0,20700.0,526020000.0,6355.0,22238500.0,4098.0,12846400.0,1.7749215121431354,270033946.0,0.0,0.0,0.0,1000.0
2021-11-19T00:00:00,TCH,27.05,23.8,26.95,26.047075202830342,25.65,25.45,18315800.0,18315800.0,0.0,477073020000.0,0.0,169700.0,4376610000.0,436900.0,11467870000.0,10415.0,27644000.0,7236.0,30168900.0,1.7749215121431354,270248946.0,0.0,0.0,0.0,1000.0
2021-11-22T00:00:00,TCH,25.65,23.9,25.65,24.344932095551577,23.9,25.65,11332100.0,11332100.0,0.0,275879205000.0,0.0,117100.0,2926220000.0,25700.0,626600000.0,6799.0,15819100.0,6381.0,29948300.0,1.7749215121431354,270185946.0,0.0,0.0,0.0,1000.0
2021-11-23T00:00:00,TCH,24.45,22.5,22.6,23.18582135241835,23.5,23.9,14210100.0,14210100.0,0.0,329472840000.0,0.0,1335200.0,30277590000.0,39600.0,925170000.0,9606.0,26637700.0,5348.0,23778400.0,1.7749215121431354,268871446.0,0.0,0.0,0.0,1000.0
2021-11-24T00:00:00,TCH,24.0,22.5,23.85,23.269441401971523,22.5,23.5,8399600.0,8399600.0,0.0,195454000000.0,0.0,55600.0,1312860000.0,234300.0,5521280000.0,6046.0,13104000.0,4343.0,16271000.0,1.7749215121431354,269252746.0,0.0,0.0,0.0,1000.0
2021-11-25T00:00:00,TCH,24.05,21.7,22.2,23.303628507655027,24.05,22.5,32436200.0,32436200.0,0.0,755881155000.0,0.0,353500.0,8389440000.0,5004500.0,120221570000.0,19935.0,58949100.0,12051.0,40618000.0,1.7749215121431354,268924946.0,0.0,0.0,0.0,1000.0
2021-11-26T00:00:00,TCH,25.3,23.25,24.8,24.20587847634111,23.5,24.05,12139200.0,12139200.0,0.0,293840000000.0,0.0,2200.0,55550000.0,803500.0,19326700000.0,10603.0,20188100.0,6937.0,25740600.0,1.7749215121431354,268962346.0,0.0,0.0,0.0,1000.0
2021-11-29T00:00:00,TCH,23.95,22.9,23.1,23.39738711544823,23.3,23.5,12092000.0,12092000.0,0.0,282921205000.0,0.0,6100.0,144270000.0,3132600.0,73596790000.0,8423.0,20587800.0,5033.0,20507600.0,1.7749215121431354,269190546.0,-2355000.0,0.0,-2355000.0,1000.0
2021-11-30T00:00:00,TCH,24.9,23.2,23.7,24.336851962977107,24.35,23.3,21997200.0,21997200.0,0.0,535342600000.0,0.0,61700.0,1500310000.0,2428800.0,59481830000.0,11152.0,33307200.0,8446.0,32225500.0,1.7749215121431354,274133346.0,0.0,0.0,0.0,1000.0
2021-12-01T00:00:00,TCH,25.5,24.0,24.5,24.750902082991633,24.3,24.35,9755200.0,9755200.0,0.0,241450000000.0,0.0,25000.0,627030000.0,943000.0,23235630000.0,5841.0,17215800.0,6871.0,21929800.0,1.7749215121431354,274911846.0,-71775000.0,0.0,-71775000.0,1000.0
2021-12-02T00:00:00,TCH,24.8,24.0,24.5,24.31264,24.0,24.3,8821600.0,8821600.0,0.0,214476385024.0,0.0,100.0,2440000.0,843300.0,20508350000.0,6002.0,13803000.0,5289.0,19085500.0,1.7749215121431354,278044346.0,-425580000.0,0.0,-425580000.0,1000.0
2021-12-03T00:00:00,TCH,24.25,22.35,24.2,23.027993848375306,22.35,24.0,20222300.0,20222300.0,0.0,465679000000.0,0.0,81800.0,1881380000.0,845300.0,19475950000.0,13538.0,27812500.0,5868.0,32269100.0,1.7749215121431354,280391346.0,0.0,0.0,0.0,1000.0
2021-12-06T00:00:00,TCH,22.55,20.8,22.35,21.31024477859396,20.8,22.35,17370800.0,17370800.0,0.0,370176000000.0,0.0,929100.0,19426610000.0,753200.0,16240730000.0,10333.0,25165900.0,6295.0,28288400.0,1.7749215121431354,280405246.0,0.0,0.0,0.0,1000.0
2021-12-07T00:00:00,TCH,21.55,20.75,21.0,21.08821667456681,21.15,20.8,9493500.0,9493500.0,0.0,200200985000.0,0.0,147000.0,3101200000.0,1203500.0,25391000000.0,7011.0,19080700.0,4364.0,16094700.0,1.7749215121431354,281101546.0,0.0,0.0,0.0,1000.0
2021-12-08T00:00:00,TCH,21.55,20.85,21.35,21.24518960747197,20.85,21.15,9614600.0,9614600.0,0.0,204264000000.0,0.0,5200.0,111150000.0,2600100.0,55160690000.0,5272.0,15736000.0,3758.0,16797700.0,1.7749215121431354,281941696.0,-38370000.0,0.0,-38370000.0,1000.0
2021-12-09T00:00:00,TCH,22.3,20.7,20.8,21.85697143480497,22.3,20.85,12833800.0,12833800.0,0.0,280508000000.0,0.0,150600.0,3350660000.0,2913300.0,64069360000.0,7296.0,27298300.0,5531.0,19513800.0,1.7749215121431354,282544346.0,-252100000.0,0.0,-252100000.0,1000.0
2021-12-10T00:00:00,TCH,22.55,21.75,22.5,22.14904060687193,22.0,22.3,10084500.0,10084500.0,0.0,223362000000.0,0.0,0.0,0.0,4021000.0,88928030000.0,6748.0,16736800.0,4261.0,19031200.0,1.7749215121431354,283747896.0,-13200000.0,0.0,-13200000.0,1000.0
2021-12-13T00:00:00,TCH,23.5,22.0,22.4,23.144724490312502,23.5,22.0,13827100.0,13827100.0,0.0,320024420000.0,0.0,710500.0,16685900000.0,2936700.0,67978640000.0,4673.0,25097200.0,5863.0,18626500.0,1.7749215121431354,285637521.0,-231275000.0,0.0,-231275000.0,1000.0
2021-12-14T00:00:00,TCH,24.7,23.35,23.9,23.980667001162267,24.0,23.5,15745100.0,15745100.0,0.0,377578000000.0,0.0,1766800.0,42344000000.0,2062300.0,49163610000.0,6814.0,25695200.0,9629.0,31241200.0,1.7749215121431354,286784021.0,-160000.0,0.0,-160000.0,1000.0
2021-12-15T00:00:00,TCH,24.8,23.6,24.0,23.986153016864197,24.05,24.0,14284700.0,14284700.0,0.0,342635000000.0,0.0,2155000.0,51303640000.0,1522900.0,36329710000.0,5641.0,23998600.0,9292.0,27959800.0,1.7749215121431354,288650021.0,-24050000.0,0.0,-24050000.0,1000.0
2021-12-16T00:00:00,TCH,25.45,24.0,24.4,24.83377703107865,25.1,24.05,18511100.0,18511100.0,0.0,459700530000.0,0.0,8000.0,197220000.0,2563900.0,63688740000.0,7785.0,31404600.0,11976.0,33125600.0,1.7749215121431354,291578721.0,-79865000.0,0.0,-79865000.0,1000.0
2021-12-17T00:00:00,TCH,25.95,25.0,25.35,25.380804443909916,25.2,25.1,19955400.0,19955400.0,0.0,506484105000.0,0.0,1617000.0,40842810000.0,564100.0,14240610000.0,9207.0,30318100.0,9543.0,34466800.0,1.7749215121431354,292024108.0,-7560000.0,0.0,-7560000.0,1000.0
2021-12-20T00:00:00,TCH,25.6,24.35,25.0,24.91100955654506,24.7,25.2,15361200.0,15361200.0,0.0,382663000000.0,0.0,1564800.0,38837980000.0,69400.0,1721640000.0,9140.0,24796900.0,7235.0,26926500.0,1.7749215121431354,291980193.0,-19760000.0,0.0,-19760000.0,1000.0
2021-12-21T00:00:00,TCH,26.4,24.2,24.5,25.323966979816827,26.4,24.7,18727200.0,18649200.0,78000.0,474155725000.0,1884000000.0,583500.0,14739930000.0,41200.0,1065980000.0,10721.0,36088700.0,8619.0,25760500.0,1.7749215121431354,293960593.0,-34230000.0,0.0,-34230000.0,1000.0
2021-12-22T00:00:00,TCH,28.2,27.15,27.4,28.016704461258673,28.2,26.4,22469500.0,22269500.0,200000.0,629558000000.0,5640000000.0,179200.0,5052160000.0,87600.0,2458710000.0,9540.0,33578700.0,7075.0,27480500.0,1.7749215121431354,294345602.0,0.0,0.0,0.0,1000.0
2021-12-23T00:00:00,TCH,28.9,27.05,28.25,28.05428508775896,27.85,28.2,22117400.0,22117400.0,0.0,620487845000.0,0.0,621400.0,17403780000.0,213200.0,5940880000.0,14099.0,36304400.0,10284.0,39299900.0,1.7749215121431354,293793602.0,-191580000.0,0.0,-191580000.0,1000.0
2021-12-24T00:00:00,TCH,28.9,26.6,27.7,27.757950681159116,27.65,27.85,14402400.0,14379900.0,22500.0,399825930000.0,669375000.0,3600.0,99180000.0,31800.0,885380000.0,11507.0,25954500.0,8038.0,26622600.0,1.7749215121431354,293831192.0,,,,1000.0
2021-12-27T00:00:00,TCH,29.55,26.9,27.7,28.17683619228385,29.55,27.65,18229300.0,18229300.0,0.0,513644000000.0,0.0,509700.0,14307940000.0,221600.0,6088140000.0,10707.0,30092600.0,7856.0,25783800.0,1.7749215121431354,293409092.0,-14010000.0,0.0,-14010000.0,1000.0
2021-12-28T00:00:00,TCH,30.4,28.65,30.3,29.70739,29.35,29.55,12665600.0,12565600.0,100000.0,376171179784.0,2880000000.0,183700.0,5420760000.0,101400.0,3011830000.0,12018.0,21353500.0,7871.0,24641200.0,1.7749215121431354,293438456.0,-65475000.0,0.0,-65475000.0,1000.0
2021-12-29T00:00:00,TCH,29.45,28.5,29.35,28.892419999999998,28.5,29.35,9407300.0,9407300.0,0.0,271799662666.0,0.0,500.0,14430000.0,21500.0,619130000.0,8935.0,16144400.0,5105.0,16714400.0,1.7749215121431354,293469756.0,-2900000.0,0.0,-2900000.0,1000.0
2021-12-30T00:00:00,TCH,29.2,28.0,28.05,28.51854,28.15,28.5,11050700.0,11050700.0,0.0,315149829978.0,0.0,206000.0,5908960000.0,33400.0,954290000.0,9160.0,19298500.0,6150.0,21151500.0,1.7749215121431354,293488206.0,-134655000.0,0.0,-134655000.0,1000.0
2021-12-31T00:00:00,TCH,28.5,27.2,28.15,27.779652009150354,27.45,28.15,12983100.0,12983100.0,0.0,360666000000.0,0.0,338700.0,9378980000.0,3000.0,83900000.0,12155.0,20703900.0,5635.0,23158400.0,1.7749215121431354,293250846.0,-10980000.0,0.0,-10980000.0,1000.0
2022-01-04T00:00:00,TCH,28.95,27.4,27.8,28.33275,28.1,27.45,10533500.0,10533500.0,0.0,298443022125.0,0.0,136500.0,3901460000.0,22400.0,635070000.0,7212.0,20553400.0,5351.0,18239100.0,1.7749215121431354,293135796.0,-187790000.0,0.0,-187790000.0,1000.0
2022-01-05T00:00:00,TCH,29.3,28.15,28.5,28.63668505161929,28.3,28.1,12340700.0,12020700.0,320000.0,353849000000.0,9616000000.0,20100.0,574990000.0,97400.0,2770920000.0,7971.0,19246600.0,6897.0,22471100.0,1.7749215121431354,293149096.0,0.0,0.0,0.0,1000.0
2022-01-06T00:00:00,TCH,29.4,27.9,28.0,28.68177041596853,29.0,28.3,16472400.0,16472400.0,0.0,472457595000.0,0.0,470800.0,13576010000.0,87600.0,2480090000.0,12735.0,28042700.0,9142.0,27884700.0,1.7749215121431354,292681311.0,-2810000.0,0.0,-2810000.0,1000.0
2022-01-07T00:00:00,TCH,29.4,28.5,29.3,28.938675858107135,28.5,29.0,11140800.0,11140800.0,0.0,322400000000.0,0.0,5200.0,151280000.0,103900.0,3005550000.0,8504.0,15811000.0,7165.0,21182200.0,1.7749215121431354,292698581.0,-1266580000.0,0.0,-1266580000.0,1000.0
2022-01-10T00:00:00,TCH,30.45,27.7,28.5,29.358150000000002,28.0,28.5,24750500.0,24750500.0,0.0,726628891575.0,0.0,35800.0,1051021770.0,212600.0,6241542690.0,15502.0,37937800.0,12446.0,37448300.0,1.7749215121431354,292760181.0,-98945000.0,0.0,-98945000.0,1000.0
2022-01-11T00:00:00,TCH,29.1,28.0,28.5,28.604434833557832,28.3,28.0,16705300.0,16555300.0,150000.0,477905000000.0,4350000000.0,579900.0,16649510000.0,272900.0,7896150000.0,11005.0,30062700.0,7636.0,27348500.0,1.7749215121431354,292267881.0,0.0,0.0,0.0,1000.0
2022-01-12T00:00:00,TCH,28.4,26.35,27.85,26.710199368853836,26.35,28.3,25635900.0,25635900.0,0.0,684740000000.0,0.0,111700.0,2962590000.0,391800.0,10375270000.0,13530.0,30542100.0,9605.0,45620700.0,1.7749215121431354,292260081.0,-19575000.0,0.0,-19575000.0,1000.0
2022-01-13T00:00:00,TCH,24.95,22.7,24.9,23.726060748089417,22.8,24.4,15361800.0,15361800.0,0.0,364475000000.0,0.0,237400.0,5543910000.0,776900.0,18774960000.0,10902.0,23261900.0,6043.0,24150800.0,1.6434458445769775,292235281.0,-9120000.0,0.0,-9120000.0,1000.0
2022-01-14T00:00:00,TCH,24.2,22.0,22.0,23.3794,23.8,22.8,10690400.0,10540400.0,150000.0,250080727760.0,3652500000.0,1104400.0,25937800000.0,4800.0,112010000.0,9745.0,25110800.0,4473.0,17605700.0,1.6434458445769775,291403858.0,-101445000.0,0.0,-101445000.0,1000.0
2022-01-17T00:00:00,TCH,24.1,22.15,23.8,22.74782,22.15,23.8,9776400.0,9776400.0,0.0,222391787448.0,0.0,27100.0,622270000.0,489300.0,11359000000.0,6387.0,13293100.0,3861.0,20481200.0,1.6434458445769775,291768558.0,0.0,0.0,0.0,1000.0
2022-01-18T00:00:00,TCH,22.1,20.6,22.0,21.290740000000003,20.6,22.15,9533000.0,9533000.0,0.0,202964624420.0,0.0,347400.0,7429770000.0,4000.0,85000000.0,6285.0,16743300.0,4750.0,18840100.0,1.6434458445769775,292198058.0,-14875000.0,0.0,-14875000.0,1000.0
2022-01-19T00:00:00,TCH,21.45,20.4,20.4,20.83005,20.9,20.6,8553900.0,8403900.0,150000.0,178353657195.0,3300000000.0,402600.0,8399770000.0,13200.0,271780000.0,5819.0,20377500.0,4401.0,13672900.0,1.6434458445769775,291800258.0,-4180000.0,0.0,-4180000.0,1000.0
2022-01-20T00:00:00,TCH,22.35,21.0,21.2,21.825,22.35,20.9,4779700.0,4749700.0,30000.0,104245702500.0,583500000.0,666600.0,14693310000.0,12000.0,268200000.0,3736.0,10500500.0,2277.0,6495300.0,1.6434458445769775,291622958.0,-78745000.0,0.0,-78745000.0,1000.0
2022-01-21T00:00:00,TCH,23.1,22.05,22.8,22.672919999999998,22.7,22.35,7814300.0,7814300.0,0.0,177172998756.0,0.0,1735500.0,39282200000.0,1203300.0,27073010000.0,5477.0,13380800.0,4398.0,18252800.0,1.6434458445769775,289891383.0,0.0,0.0,0.0,1000.0
2022-01-24T00:00:00,TCH,22.4,21.15,22.2,21.551438839620445,21.15,22.7,7735400.0,7735400.0,0.0,166709000000.0,0.0,500.0,10750000.0,554100.0,12039800000.0,5037.0,10132400.0,3368.0,16086300.0,1.6434458445769775,289904028.0,0.0,0.0,0.0,1000.0
2022-01-25T00:00:00,TCH,21.4,20.1,20.8,20.818330000000003,21.25,21.15,7052800.0,7052800.0,0.0,146827517824.0,0.0,475800.0,9905361414.0,89300.0,1859076869.0,5614.0,14371500.0,2940.0,11623600.0,1.6434458445769775,289438773.0,-38570000.0,0.0,-38570000.0,1000.0
2022-01-26T00:00:00,TCH,21.5,19.8,21.4,20.38064,19.8,21.25,11562000.0,11562000.0,0.0,235640959680.0,0.0,12600.0,253300000.0,134400.0,2786990000.0,0.0,14371500.0,0.0,11623600.0,1.6434458445769775,290629223.0,-1980000.0,0.0,-1980000.0,1000.0
2022-01-27T00:00:00,TCH,20.4,19.3,19.6,19.781560000000002,19.5,19.8,5029400.0,5029400.0,0.0,99489377864.0,0.0,100.0,1930000.0,62500.0,1235170000.0,5182.0,10681600.0,3041.0,9205400.0,1.6434458445769775,291183223.0,-13800000.0,0.0,-13800000.0,1000.0
2022-01-28T00:00:00,TCH,20.0,18.65,20.0,19.345509999999997,19.75,19.5,5942100.0,5942100.0,0.0,114952954971.0,0.0,26500.0,516000000.0,70500.0,1383760000.0,4958.0,11771100.0,3028.0,10469300.0,1.6434458445769775,291245998.0,-1970000.0,0.0,-1970000.0,1000.0
2022-02-07T00:00:00,TCH,20.85,20.05,20.1,20.52444,20.45,19.75,3212800.0,3212800.0,0.0,65940920832.0,0.0,119600.0,2472340000.0,4800.0,98940000.0,3120.0,6592400.0,2294.0,5687000.0,1.6434458445769775,291260753.0,-12220000.0,0.0,-12220000.0,1000.0
2022-02-08T00:00:00,TCH,20.8,20.1,20.45,20.42794,20.4,20.45,4625000.0,4625000.0,0.0,94479222500.0,0.0,9900.0,203850000.0,75800.0,1540560000.0,4166.0,8374500.0,2674.0,9061600.0,1.6434458445769775,291313353.0,-6135000.0,0.0,-6135000.0,1000.0
2022-02-09T00:00:00,TCH,21.3,20.25,20.4,20.8575,21.05,20.4,6708900.0,6708900.0,0.0,139930881750.0,0.0,289400.0,5967630000.0,1000.0,21150000.0,5197.0,13448700.0,3985.0,12060100.0,1.6434458445769775,291094453.0,0.0,0.0,0.0,1000.0
2022-02-10T00:00:00,TCH,21.65,20.95,21.25,21.2037,21.0,21.05,4121200.0,4121200.0,0.0,87384688440.0,0.0,34900.0,736160000.0,94300.0,1994030000.0,3666.0,7770200.0,3075.0,9139100.0,1.6434458445769775,291064353.0,0.0,0.0,0.0,1000.0
2022-02-11T00:00:00,TCH,21.05,20.6,20.8,20.81456,20.7,21.0,3904100.0,3904100.0,0.0,81262123696.0,0.0,9700.0,201780000.0,40200.0,836270000.0,4728.0,8217900.0,2190.0,8368800.0,1.6434458445769775,291130453.0,-214740000.0,0.0,-214740000.0,1000.0
2022-02-14T00:00:00,TCH,20.8,20.05,20.05,20.4073,20.3,20.7,5391000.0,5391000.0,0.0,110015754300.0,0.0,4600.0,93660000.0,20600.0,419200000.0,5252.0,10447100.0,2348.0,8903100.0,1.6434458445769775,291126853.0,0.0,0.0,0.0,1000.0
2022-02-15T00:00:00,TCH,20.9,20.3,20.3,20.534467222347374,20.75,20.3,3551200.0,3551200.0,0.0,72922000000.0,0.0,46800.0,961018344.0,8300.0,170437014.0,2551.0,3551200.0,1592.0,3551200.0,1.6434458445769775,291174350.0,0.0,0.0,0.0,1000.0
2022-02-16T00:00:00,TCH,22.2,20.85,20.85,21.73463051128131,21.85,20.75,12077500.0,12077500.0,0.0,262500000000.0,0.0,972400.0,20820000000.0,86100.0,1882740000.0,7390.0,20077000.0,7487.0,21574200.0,1.6434458445769775,290242153.0,-2185000.0,0.0,-2185000.0,1000.0
2022-02-17T00:00:00,TCH,22.1,21.65,21.85,21.844060000000002,21.75,21.85,5242900.0,5242900.0,0.0,114526222174.0,0.0,485500.0,10608480000.0,34100.0,745500000.0,5463.0,9970400.0,4563.0,13087100.0,1.6434458445769775,313226024.0,0.0,0.0,0.0,1000.0
2022-02-18T00:00:00,TCH,22.5,21.35,21.5,22.13241,22.5,21.75,9121900.0,9121900.0,0.0,201889630779.0,0.0,931500.0,20721940000.0,38200.0,845480000.0,7008.0,18142100.0,6582.0,17616700.0,1.6434458445769775,312306724.0,0.0,0.0,0.0,1000.0
2022-02-21T00:00:00,TCH,23.35,22.6,22.6,23.03115,22.65,22.5,10950300.0,10950300.0,0.0,252198001845.0,0.0,19700.0,449330000.0,29700.0,678680000.0,7672.0,18092900.0,8066.0,22069600.0,1.6434458445769775,312373124.0,-2265000.0,0.0,-2265000.0,1000.0
2022-02-22T00:00:00,TCH,22.55,21.5,22.2,22.00378,21.95,22.65,10909400.0,10909400.0,0.0,240048037532.0,0.0,3000.0,65400000.0,153900.0,3403100000.0,8786.0,18645200.0,4875.0,19939700.0,1.6434458445769775,312404224.0,0.0,0.0,0.0,1000.0
2022-02-23T00:00:00,TCH,22.4,21.95,22.0,22.16814,22.0,21.95,5696200.0,5516200.0,180000.0,126169893868.0,3886000000.0,91000.0,2033650000.0,0.0,0.0,4266.0,11246400.0,3508.0,11028300.0,1.6434458445769775,312351424.0,-2235000.0,0.0,-2235000.0,1000.0
2022-02-24T00:00:00,TCH,22.25,20.5,21.8,21.324810000000003,21.3,22.0,12740200.0,12740200.0,0.0,271682344362.0,0.0,11000.0,234290000.0,400.0,8720000.0,11287.0,23399100.0,5461.0,22733000.0,1.6434458445769775,312370124.0,-15365000.0,0.0,-15365000.0,1000.0
2022-02-25T00:00:00,TCH,22.0,21.45,21.6,21.660400000000003,21.55,21.3,6127500.0,6127500.0,0.0,132724101000.0,0.0,60600.0,1311620000.0,1000.0,21650000.0,3994.0,11186600.0,3509.0,11355000.0,1.6434458445769775,312463424.0,0.0,0.0,0.0,1000.0
2022-02-28T00:00:00,TCH,21.65,21.25,21.55,21.40195,21.35,21.55,4824400.0,4824400.0,0.0,103251567580.0,0.0,96300.0,2056260000.0,16100.0,345070000.0,3867.0,8329100.0,2527.0,8503400.0,1.6434458445769775,312367124.0,0.0,0.0,0.0,1000.0
2022-03-01T00:00:00,TCH,22.15,21.25,21.35,21.70824,21.6,21.35,7163500.0,7163500.0,0.0,155506977240.0,0.0,18900.0,413910000.0,104700.0,2284360000.0,4545.0,12185900.0,4747.0,13824000.0,1.6434458445769775,312348624.0,-2160000.0,0.0,-2160000.0,1000.0
2022-03-02T00:00:00,TCH,21.85,21.0,21.45,21.39345,21.15,21.6,9304300.0,8764300.0,540000.0,198352613835.0,10854000000.0,12800.0,271930000.0,198100.0,4248880000.0,6845.0,14485000.0,4751.0,15635700.0,1.6434458445769775,312336824.0,-2115000.0,0.0,-2115000.0,1000.0
2022-03-03T00:00:00,TCH,21.65,21.1,21.25,21.33589,21.4,21.15,5453800.0,5453800.0,0.0,116361676882.0,0.0,11600.0,246840000.0,1000.0,21550000.0,4302.0,9820400.0,4058.0,11030700.0,1.6434458445769775,312341324.0,,,,1000.0
2022-03-04T00:00:00,TCH,22.25,21.25,21.35,21.81489,22.1,21.4,11738340.0,11718300.0,20040.0,256065087087.0,431661600.0,1000.0,21550000.0,326640.0,7049560000.0,7213.0,21606500.0,7482.0,20557800.0,1.6434458445769775,312445024.0,0.0,431661600.0,431661600.0,1000.0
2022-03-07T00:00:00,TCH,22.5,21.75,22.1,22.17004,22.3,22.1,8377200.0,8377200.0,0.0,185722859088.0,0.0,16200.0,356890000.0,14600.0,324870000.0,6872.0,14642600.0,6577.0,18369100.0,1.6434458445769775,312626924.0,,,,1000.0
2022-03-08T00:00:00,TCH,22.9,21.8,21.9,22.27877,21.8,22.3,10571600.0,10571600.0,0.0,235522244932.0,0.0,3000.0,66780000.0,100500.0,2229850000.0,7017.0,16396500.0,7730.0,22331400.0,1.6434458445769775,312626846.0,,,,1000.0
2022-03-09T00:00:00,TCH,22.05,21.3,21.8,21.545900000000003,21.45,21.8,8513800.0,8513800.0,0.0,183437483420.0,0.0,14000.0,300990000.0,300.0,6440000.0,6504.0,14954800.0,4187.0,15675100.0,1.6434458445769775,312939486.0,,,,1000.0
2022-03-10T00:00:00,TCH,21.85,21.5,21.85,21.66713,21.55,21.45,4836400.0,4836400.0,0.0,104790907532.0,0.0,68700.0,1492110000.0,8800.0,189660000.0,3497.0,7896600.0,2961.0,11284400.0,1.6434458445769775,312885386.0,,,,1000.0
2022-03-11T00:00:00,TCH,21.55,20.9,21.35,21.22349,21.0,21.55,7488000.0,7488000.0,0.0,158921493120.0,0.0,6000.0,126900000.0,2800.0,59530000.0,6413.0,11798500.0,3392.0,12906000.0,1.6434458445769775,312981886.0,,,,1000.0
2022-03-14T00:00:00,TCH,20.95,20.1,20.9,20.42602,20.1,21.0,8490900.0,8490900.0,0.0,173435293218.0,0.0,12000.0,243780000.0,75600.0,1545320000.0,7542.0,14439900.0,3583.0,13129900.0,1.6434458445769775,312970248.0,,,,1000.0
2022-03-15T00:00:00,TCH,20.55,20.2,20.25,20.38099,20.4,20.1,4255300.0,4255300.0,0.0,86727226747.0,0.0,14200.0,288290000.0,394900.0,8055200000.0,3992.0,8368600.0,2195.0,7071900.0,1.6434458445769775,312964848.0,,,,1000.0
2022-03-16T00:00:00,TCH,20.8,20.5,20.7,20.63817,20.5,20.4,3081900.0,2980000.0,101900.0,63580506600.0,2078760000.0,200.0,4120000.0,29400.0,603740000.0,2707.0,5689100.0,2235.0,6744000.0,1.6434458445769775,312967448.0,,,,1000.0
2022-03-17T00:00:00,TCH,21.25,20.6,20.85,20.878126967771482,20.75,20.5,3493800.0,3493800.0,0.0,72944000000.0,0.0,0.0,0.0,3000.0,62730000.0,3103.0,7135600.0,2995.0,8121200.0,1.6434458445769775,313037925.0,,,,1000.0
2022-03-18T00:00:00,TCH,21.15,20.7,20.9,20.85321,20.7,20.75,4040200.0,4019700.0,20500.0,84278748237.0,455100000.0,12000.0,248400000.0,439600.0,9109090000.0,3203.0,7537700.0,3425.0,9945700.0,1.6434458445769775,313420825.0,,,,1000.0
2022-03-21T00:00:00,TCH,21.35,20.8,20.8,21.06737907563173,21.3,20.7,5670900.0,5670900.0,0.0,119471000000.0,0.0,58900.0,1246510000.0,1700.0,35740000.0,3317.0,10093300.0,4048.0,11049900.0,1.6434458445769775,313391325.0,,,,1000.0
2022-03-22T00:00:00,TCH,21.5,21.1,21.5,21.28596,21.1,21.3,6496300.0,6476300.0,20000.0,138274262748.0,420000000.0,500.0,10580000.0,3000.0,64200000.0,4227.0,10862300.0,4151.0,14163700.0,1.6434458445769775,313393911.0,,,,1000.0
2022-03-23T00:00:00,TCH,21.2,20.9,21.1,21.059590887808973,21.0,21.1,6193900.0,6193900.0,0.0,130441000000.0,0.0,13200.0,278880000.0,11800.0,248430000.0,4952.0,10553100.0,3591.0,12305300.0,1.6434458445769775,313820386.0,,,,1000.0
2022-03-24T00:00:00,TCH,21.5,20.7,21.0,21.08006,21.25,21.0,6299700.0,6299700.0,0.0,132798053982.0,0.0,30200.0,641560000.0,9400.0,196710000.0,6133.0,13884400.0,4416.0,12424500.0,1.6434458445769775,313791886.0,,,,1000.0
2022-03-25T00:00:00,TCH,22.2,21.25,21.4,21.94435,21.9,21.25,13311200.0,13311200.0,0.0,292105631720.0,0.0,550100.0,12102790000.0,5000.0,108850000.0,7701.0,22241200.0,10983.0,27922800.0,1.6434458445769775,313244722.0,,,,1000.0
2022-03-28T00:00:00,TCH,21.85,20.8,21.5,21.2454,21.0,21.9,7782400.0,7782400.0,0.0,165340200960.0,0.0,130200.0,2806450000.0,64800.0,1375700000.0,6345.0,13397700.0,3707.0,14062600.0,1.6434458445769775,313126220.0,,,,1000.0
2022-03-29T00:00:00,TCH,21.5,21.1,21.3,21.31734,21.4,21.0,4457900.0,4457900.0,0.0,95030569986.0,0.0,40500.0,866630000.0,1000.0,21400000.0,2933.0,8828100.0,2825.0,8370900.0,1.6434458445769775,313095120.0,,,,1000.0
2022-03-30T00:00:00,TCH,21.35,20.3,21.0,20.77260846837428,20.35,21.4,10521500.0,10521500.0,0.0,218559000000.0,0.0,35400.0,748800000.0,161000.0,3372090000.0,9418.0,16708100.0,4160.0,19072800.0,1.6434458445769775,313064720.0,,,,1000.0
2022-03-31T00:00:00,TCH,20.7,20.15,20.6,20.34843,20.2,20.35,4632800.0,4632800.0,0.0,94270206504.0,0.0,3200.0,64920000.0,52700.0,1076480000.0,4313.0,8043300.0,2156.0,7855600.0,1.6434458445769775,313126266.0,,,,1000.0
2022-04-01T00:00:00,TCH,20.8,20.0,20.1,20.347281875076696,20.7,20.2,4074500.0,4074500.0,0.0,82905000000.0,0.0,1600.0,32700000.0,8900.0,181260000.0,4393.0,9159200.0,2298.0,6758700.0,1.6434458445769775,313125666.0,,,,1000.0
2022-04-04T00:00:00,TCH,20.9,20.55,20.9,20.665950000000002,20.6,20.7,3408500.0,3408500.0,0.0,70439890575.0,0.0,3600.0,74470000.0,94100.0,1947580000.0,3519.0,6507100.0,2524.0,7183500.0,1.6434458445769775,313283066.0,,,,1000.0
2022-04-05T00:00:00,TCH,20.7,20.35,20.6,20.505560000000003,20.35,20.6,4617200.0,4617200.0,0.0,94678271632.0,0.0,13000.0,266530000.0,55200.0,1125450000.0,4409.0,8315400.0,2314.0,8103400.0,1.6434458445769775,313322766.0,,,,1000.0
2022-04-06T00:00:00,TCH,20.5,20.0,20.15,20.23896,20.2,20.35,5242700.0,5242700.0,0.0,106106795592.0,0.0,7000.0,141430000.0,23500.0,475840000.0,5311.0,11697500.0,2606.0,8418300.0,1.6434458445769775,313324421.0,,,,1000.0
2022-04-07T00:00:00,TCH,20.35,19.8,20.2,19.99794,19.8,20.2,6188700.0,5987700.0,201000.0,123771765338.0,4030100000.0,9200.0,183630000.0,45900.0,922100000.0,5345.0,10146100.0,2458.0,10442300.0,1.6434458445769775,313409321.0,,,,1000.0
2022-04-08T00:00:00,TCH,19.95,19.0,19.95,19.49915,19.0,19.8,6189500.0,6189500.0,0.0,120689988925.0,0.0,7700.0,150530000.0,78800.0,1523320000.0,5907.0,9200000.0,2460.0,10268700.0,1.6434458445769775,313456637.0,,,,1000.0
2022-04-12T00:00:00,TCH,19.45,18.8,19.0,19.071464671990295,18.8,19.0,4946500.0,4946500.0,0.0,94337000000.0,0.0,200.0,3800000.0,3300.0,63020000.0,3050.0,7607100.0,2454.0,7883800.0,1.6434458445769775,313479749.0,,,,1000.0
2022-04-13T00:00:00,TCH,19.15,18.3,19.0,18.72391,18.9,18.8,4283500.0,4082500.0,201000.0,80470462575.0,4030100000.0,900.0,16940000.0,14400.0,269900000.0,3567.0,7351000.0,2235.0,6885400.0,1.6434458445769775,313524809.0,,,,1000.0
2022-04-14T00:00:00,TCH,19.2,18.7,19.0,18.949162528406703,18.7,18.9,2426200.0,2376200.0,50000.0,46032000000.0,1005000000.0,100.0,1900000.0,0.0,0.0,2016.0,4152600.0,1729.0,5628500.0,1.6434458445769775,313603509.0,,,,1000.0
2022-04-15T00:00:00,TCH,18.95,17.8,18.7,18.34059,18.05,18.7,3978600.0,3978600.0,0.0,72969871374.0,0.0,5200.0,95330000.0,1700.0,31200000.0,3585.0,6063800.0,2132.0,7137900.0,1.6434458445769775,313599759.0,,,,1000.0
2022-04-18T00:00:00,TCH,18.1,16.8,18.0,17.06466,16.8,18.05,8575900.0,8575900.0,0.0,146344817694.0,0.0,261700.0,4428760000.0,15200.0,260040000.0,4834.0,11638800.0,3011.0,13394200.0,1.6434458445769775,313352471.0,,,,1000.0
2022-04-19T00:00:00,TCH,17.15,15.65,16.9,16.271549999999998,15.65,16.8,5073700.0,4983200.0,90500.0,82500712960.0,1416325000.0,195000.0,3160840000.0,8500.0,141970000.0,3731.0,7334300.0,2501.0,10303300.0,1.6434458445769775,313157471.0,,,,1000.0
2022-04-20T00:00:00,TCH,16.35,15.3,15.65,15.77338,15.6,15.65,6364500.0,6342000.0,22500.0,100410525960.0,375750000.0,440000.0,6925900000.0,0.0,0.0,4777.0,12873300.0,3135.0,9805300.0,1.6434458445769775,312719031.0,,,,1000.0
2022-04-21T00:00:00,TCH,16.0,14.85,15.35,15.281229999999999,15.4,15.6,5306500.0,5306500.0,0.0,81089846995.0,0.0,191800.0,2906810000.0,8800.0,135190000.0,4315.0,10439900.0,2774.0,8871700.0,1.6434458445769775,312542431.0,,,,1000.0
2022-04-22T00:00:00,TCH,16.15,15.2,15.8,15.74957,15.85,15.4,3327400.0,3327400.0,0.0,52405119218.0,0.0,3100.0,48730000.0,45700.0,712760000.0,3072.0,6617100.0,2335.0,6366600.0,1.6434458445769775,312545732.0,,,,1000.0
2022-04-25T00:00:00,TCH,16.2,14.75,15.8,15.37234,14.75,15.85,5830400.0,5830400.0,0.0,89626891136.0,0.0,15900.0,236420000.0,191700.0,3027420000.0,3660.0,8147500.0,2435.0,9800500.0,1.6434458445769775,312531827.0,,,,1000.0
2022-04-26T00:00:00,TCH,15.55,14.4,14.75,15.03313,15.55,14.75,4656300.0,4656300.0,0.0,69998763219.0,0.0,189200.0,2840260000.0,38100.0,578620000.0,3477.0,9875800.0,2870.0,6893800.0,1.6434458445769775,312351427.0,,,,1000.0
2022-04-27T00:00:00,TCH,15.95,15.2,15.45,15.72274,15.9,15.55,2749900.0,2749900.0,0.0,43235962726.0,0.0,3800.0,59850000.0,133700.0,2101430000.0,2474.0,5596000.0,1888.0,5247100.0,1.6434458445769775,312393327.0,,,,1000.0
2022-04-28T00:00:00,TCH,16.15,15.65,15.95,15.89249,15.7,15.9,2928300.0,2928300.0,0.0,46537978467.0,0.0,3200.0,51430000.0,301200.0,4774010000.0,3031.0,5228300.0,2328.0,7249800.0,1.6434458445769775,312581827.0,,,,1000.0
2022-04-29T00:00:00,TCH,16.2,15.55,15.55,15.88103,16.1,15.7,4807500.0,4207500.0,600000.0,76239433725.0,9420000000.0,334600.0,5363570000.0,500.0,8030000.0,3258.0,8345900.0,2300.0,7452100.0,1.6434458445769775,312285327.0,,,,1000.0
2022-05-04T00:00:00,TCH,16.15,15.55,15.85,15.77371,15.6,16.1,3402000.0,3402000.0,0.0,53662161420.0,0.0,13500.0,213690000.0,136700.0,2152070000.0,3301.0,6382500.0,1504.0,6846200.0,1.6434458445769775,312405527.0,,,,1000.0
2022-05-05T00:00:00,TCH,15.95,15.3,15.95,15.59961,15.45,15.6,2516400.0,2516400.0,0.0,39254858604.0,0.0,13200.0,205770000.0,182400.0,2847800000.0,2291.0,4671000.0,1780.0,5739400.0,1.6434458445769775,312698527.0,,,,1000.0
2022-05-06T00:00:00,TCH,15.4,14.8,15.0,15.07982,14.8,15.45,3161700.0,3161700.0,0.0,47677866894.0,0.0,68600.0,1035130000.0,54400.0,816800000.0,3244.0,6217800.0,1470.0,5571700.0,1.6434458445769775,312630427.0,,,,1000.0
2022-05-09T00:00:00,TCH,14.6,13.8,14.5,13.9939,13.8,14.8,5816300.0,5816300.0,0.0,81392720570.0,0.0,11500.0,163860000.0,12400.0,176910000.0,3551.0,6832600.0,1908.0,11988500.0,1.6434458445769775,312755627.0,,,,1000.0
2022-05-10T00:00:00,TCH,13.75,12.9,13.0,13.302940000000001,13.75,13.8,4559900.0,4559900.0,0.0,60660076106.0,0.0,273500.0,3610970000.0,0.0,0.0,3524.0,9542500.0,1964.0,10480400.0,1.6434458445769775,312664527.0,,,,1000.0
2022-05-11T00:00:00,TCH,14.2,13.65,13.8,13.94168,13.9,13.75,3095400.0,3095400.0,0.0,43155076272.0,0.0,49800.0,694510000.0,91300.0,1264330000.0,2359.0,7366100.0,1868.0,6149100.0,1.6434458445769775,312669127.0,,,,1000.0
2022-05-12T00:00:00,TCH,13.95,12.95,13.85,13.27504,12.95,13.9,4037200.0,4013800.0,23400.0,53630845552.0,347490000.0,4200.0,55380000.0,161100.0,2171260000.0,2924.0,5706800.0,1645.0,8833800.0,1.6434458445769775,312677423.0,,,,1000.0
2022-05-13T00:00:00,TCH,13.1,12.05,12.6,12.299370000000001,12.05,12.95,9217100.0,9217100.0,0.0,113364523227.0,0.0,299400.0,3670920000.0,164300.0,2077460000.0,4311.0,13142900.0,2671.0,15195700.0,1.6434458445769775,312380523.0,,,,1000.0
2022-05-16T00:00:00,TCH,12.7,11.9,12.3,12.24182,11.95,12.05,4056300.0,4056300.0,0.0,49656494466.0,0.0,320200.0,3956170000.0,46200.0,561150000.0,2783.0,7044300.0,1999.0,7339300.0,1.6434458445769775,312151671.0,,,,1000.0
2022-05-17T00:00:00,TCH,12.75,11.9,12.05,12.43458,12.75,11.95,5205900.0,5205900.0,0.0,64733180022.0,0.0,343300.0,4237560000.0,300.0,3690000.0,2989.0,10811800.0,2193.0,8748600.0,1.6434458445769775,311969471.0,650875000.0,0.0,650875000.0,1000.0
2022-05-18T00:00:00,TCH,13.45,12.95,13.0,13.177760000000001,13.05,12.75,4522500.0,4522500.0,0.0,59596419600.0,0.0,23300.0,305270000.0,67000.0,884520000.0,3097.0,9712600.0,2750.0,8602200.0,1.6434458445769775,312113034.0,19875000.0,0.0,19875000.0,1000.0
2022-05-19T00:00:00,TCH,13.05,12.6,12.6,12.903049999999999,12.95,13.05,3039100.0,3039100.0,0.0,39213659255.0,0.0,21000.0,272420000.0,110900.0,1425070000.0,3035.0,8062100.0,1819.0,5730000.0,1.6434458445769775,312137883.0,22300000.0,0.0,22300000.0,1000.0
2022-05-20T00:00:00,TCH,13.55,12.9,12.95,13.18963,13.3,12.95,4081400.0,4081400.0,0.0,53832155882.0,0.0,26600.0,350220000.0,4800.0,63150000.0,2548.0,11105200.0,2669.0,7856400.0,1.6434458445769775,312111583.0,-15735000.0,0.0,-15735000.0,1000.0
2022-05-23T00:00:00,TCH,13.5,12.55,13.5,12.9875,12.65,13.3,3882200.0,3882200.0,0.0,50420072500.0,0.0,16400.0,215930000.0,107800.0,1405280000.0,2753.0,6014800.0,1916.0,6810300.0,1.6434458445769775,312162183.0,0.0,0.0,0.0,1000.0
2022-05-24T00:00:00,TCH,12.85,12.25,12.7,12.57127,12.7,12.65,3505100.0,3505100.0,0.0,44063558477.0,0.0,26400.0,332760000.0,50600.0,635160000.0,2828.0,7171600.0,1510.0,5752600.0,1.6434458445769775,312249183.0,6350000.0,0.0,6350000.0,1000.0
2022-05-25T00:00:00,TCH,13.55,12.8,12.8,13.21244,13.55,12.7,6590700.0,6590700.0,0.0,87079228308.0,0.0,167100.0,2205770000.0,31500.0,421670000.0,2901.0,12980000.0,3080.0,8562900.0,1.6434458445769775,312086883.0,15540845000.0,0.0,15540845000.0,1000.0
2022-05-26T00:00:00,TCH,14.1,13.65,13.65,13.92,13.9,13.55,6406800.0,6406800.0,0.0,89182656000.0,0.0,11300.0,157580000.0,101500.0,1411100000.0,4482.0,11741600.0,3688.0,12686600.0,1.6434458445769775,312183297.0,4941525000.0,0.0,4941525000.0,1000.0
2022-05-27T00:00:00,TCH,14.05,13.8,13.95,13.941889999999999,13.95,13.9,4061400.0,4061400.0,0.0,56623592046.0,0.0,22700.0,316640000.0,24600.0,341970000.0,2419.0,7612200.0,2422.0,7709900.0,1.6434458445769775,312211197.0,825330000.0,0.0,825330000.0,1000.0
2022-05-30T00:00:00,TCH,14.2,13.85,14.1,14.04034,13.9,13.95,3129200.0,3129200.0,0.0,43935031928.0,0.0,6800.0,95710000.0,5100.0,71660000.0,1939.0,5125400.0,2343.0,7300700.0,1.6434458445769775,312235897.0,-21060000.0,0.0,-21060000.0,1000.0
2022-05-31T00:00:00,TCH,13.95,13.65,13.8,13.79075,13.65,13.9,3769600.0,3769600.0,0.0,51985611200.0,0.0,56800.0,784730000.0,19800.0,270830000.0,3093.0,7171800.0,2103.0,7803900.0,1.6434458445769775,312280597.0,0.0,0.0,0.0,1000.0
2022-06-01T00:00:00,TCH,13.85,13.4,13.65,13.64124,13.65,13.65,2966200.0,2791800.0,174400.0,40298493832.0,2214880000.0,29800.0,407870000.0,55700.0,757720000.0,1945.0,5138000.0,1849.0,6174000.0,1.6434458445769775,312275397.0,-8160000.0,0.0,-8160000.0,1000.0
2022-06-02T00:00:00,TCH,13.8,13.05,13.65,13.37109,13.1,13.65,4340400.0,4340400.0,0.0,58035879036.0,0.0,11100.0,145410000.0,134100.0,1797070000.0,3169.0,7461600.0,2069.0,8882600.0,1.6434458445769775,312269397.0,-5460000.0,0.0,-5460000.0,1000.0
2022-06-03T00:00:00,TCH,13.3,12.9,13.1,13.05827,12.95,13.1,2316700.0,2316700.0,0.0,30252094109.0,0.0,6800.0,88830000.0,45000.0,586300000.0,2448.0,5021900.0,1775.0,4820000.0,1.6434458445769775,312282397.0,0.0,0.0,0.0,1000.0
2022-06-06T00:00:00,TCH,13.15,12.6,12.95,12.901530000000001,12.6,12.95,3502000.0,3302000.0,200000.0,45370852060.0,2770000000.0,44100.0,576240000.0,300000.0,3797830000.0,2256.0,5164800.0,1524.0,5334200.0,1.6434458445769775,312293997.0,0.0,0.0,0.0,1000.0
2022-06-07T00:00:00,TCH,12.75,12.3,12.6,12.49845,12.7,12.6,4158400.0,4158400.0,0.0,51973554480.0,0.0,100.0,1270000.0,659800.0,8222670000.0,2669.0,7315000.0,1762.0,5898200.0,1.6434458445769775,312427997.0,-1260000.0,0.0,-1260000.0,1000.0
2022-06-08T00:00:00,TCH,13.3,12.8,12.85,13.099620000000002,13.2,12.7,2588900.0,2588900.0,0.0,33913606218.0,0.0,200200.0,2622640000.0,0.0,0.0,1721.0,4775500.0,1870.0,4727300.0,1.6434458445769775,312272797.0,0.0,0.0,0.0,1000.0
2022-06-09T00:00:00,TCH,13.8,12.9,13.2,13.24701,13.5,13.2,3561300.0,3561300.0,0.0,47176576713.0,0.0,11500.0,151710000.0,683900.0,8946410000.0,2602.0,6835100.0,2684.0,7387700.0,1.6434458445769775,312561297.0,-9270000.0,0.0,-9270000.0,1000.0
2022-06-10T00:00:00,TCH,13.9,13.1,13.2,13.53383,13.3,13.5,4673300.0,4344100.0,329200.0,63532790903.0,4740480000.0,0.0,0.0,64400.0,869600000.0,2638.0,8457000.0,3515.0,10499600.0,1.6434458445769775,313221097.0,0.0,0.0,0.0,1000.0
2022-06-13T00:00:00,TCH,13.05,12.4,12.7,12.63226,12.4,13.3,4793200.0,4793200.0,0.0,60548948632.0,0.0,1100.0,14060000.0,148600.0,1887390000.0,3091.0,7245900.0,1765.0,8361200.0,1.6434458445769775,313219937.0,0.0,0.0,0.0,1000.0
2022-06-14T00:00:00,TCH,12.55,12.0,12.3,12.3001,12.15,12.4,3270300.0,3270300.0,0.0,40225017030.0,0.0,20400.0,250860000.0,139600.0,1714650000.0,2323.0,6294100.0,1545.0,5555700.0,1.6434458445769775,313883437.0,-6175000.0,0.0,-6175000.0,1000.0
2022-06-15T00:00:00,TCH,12.4,11.3,12.2,11.70781,11.5,12.15,6252554.0,6207500.0,45054.0,73214625875.0,538395300.0,8700.0,103650000.0,1464400.0,17239050000.0,3369.0,10862000.0,2082.0,10436300.0,1.6434458445769775,313939137.0,0.0,0.0,0.0,1000.0
2022-06-16T00:00:00,TCH,12.0,11.4,11.9,11.682739999999999,11.4,11.5,3077900.0,3057900.0,20000.0,35970650646.0,246000000.0,0.0,0.0,373700.0,4384740000.0,1819.0,5082400.0,1743.0,5719300.0,1.6434458445769775,314087031.0,-15240000.0,0.0,-15240000.0,1000.0
2022-06-17T00:00:00,TCH,11.2,10.65,10.9,10.7089,10.65,11.4,7156100.0,7156100.0,0.0,76633959290.0,0.0,281400.0,2998020000.0,684800.0,7320290000.0,3218.0,8794800.0,1956.0,10679800.0,1.6434458445769775,313945231.0,-1065000.0,0.0,-1065000.0,1000.0
2022-06-20T00:00:00,TCH,10.75,9.91,10.4,10.100389999999999,9.91,10.65,7388400.0,7388400.0,0.0,74625721476.0,0.0,42800.0,432540000.0,473700.0,4864430000.0,2878.0,9647400.0,2095.0,12309100.0,1.6434458445769775,315366831.0,23765000.0,0.0,23765000.0,1000.0
2022-06-21T00:00:00,TCH,10.1,9.27,9.27,9.74475,9.9,9.91,4828000.0,4828000.0,0.0,47047653000.0,0.0,336500.0,3276360000.0,100.0,930000.0,2801.0,10667000.0,2109.0,8112300.0,1.6434458445769775,315404031.0,163484000.0,0.0,163484000.0,1000.0
2022-06-22T00:00:00,TCH,10.55,10.1,10.3,10.42525,10.55,9.9,4449200.0,4373700.0,75500.0,46292270925.0,695355000.0,121300.0,1277240000.0,4000.0,41200000.0,2371.0,9025800.0,1688.0,5647300.0,1.6434458445769775,315967531.0,26630000.0,0.0,26630000.0,1000.0
2022-06-23T00:00:00,TCH,10.8,10.5,10.6,10.62317,10.7,10.55,3035900.0,3035900.0,0.0,32250881803.0,0.0,35800.0,382950000.0,600.0,6420000.0,1616.0,5328800.0,1543.0,6311300.0,1.6434458445769775,316407340.0,290445000.0,0.0,290445000.0,1000.0
2022-06-24T00:00:00,TCH,10.85,10.55,10.6,10.70536,10.55,10.7,3070300.0,3070300.0,0.0,32868666808.0,0.0,16600.0,177960000.0,122300.0,1310540000.0,1860.0,6266700.0,1756.0,5816900.0,1.6434458445769775,316390840.0,0.0,0.0,0.0,1000.0
2022-06-27T00:00:00,TCH,11.25,10.55,10.75,10.971540000000001,11.25,10.55,4720800.0,4720800.0,0.0,51794446032.0,0.0,239300.0,2604970000.0,1900.0,21380000.0,2170.0,11494300.0,2316.0,6649800.0,1.6434458445769775,316155540.0,-16365000.0,0.0,-16365000.0,1000.0
2022-06-28T00:00:00,TCH,11.8,11.25,11.35,11.5283,11.5,11.25,4416900.0,4416900.0,0.0,50919348270.0,0.0,57300.0,653220000.0,222900.0,2569460000.0,2335.0,15310000.0,2581.0,8150400.0,1.6434458445769775,316098840.0,-6990000.0,0.0,-6990000.0,1000.0
2022-06-29T00:00:00,TCH,11.55,11.0,11.25,11.27938,11.2,11.5,3271400.0,3271400.0,0.0,36899363732.0,0.0,500.0,5600000.0,713700.0,8044620000.0,2316.0,6412600.0,1847.0,6874800.0,1.6434458445769775,316220640.0,-6770000.0,0.0,-6770000.0,1000.0
2022-06-30T00:00:00,TCH,11.45,10.7,11.15,11.14306,10.7,11.2,5399400.0,4799400.0,600000.0,59750002164.0,6270000000.0,23200.0,260230000.0,947600.0,10616740000.0,2891.0,9116900.0,2137.0,10558700.0,1.6434458445769775,316199333.0,-434660000.0,0.0,-434660000.0,1000.0
2022-07-01T00:00:00,TCH,11.05,10.3,10.7,10.69435,10.95,10.7,4121000.0,4121000.0,0.0,44071416350.0,0.0,93500.0,1014270000.0,813000.0,8698840000.0,2412.0,10334200.0,1536.0,6370900.0,1.6434458445769775,316328733.0,26750000.0,0.0,26750000.0,1000.0
2022-07-04T00:00:00,TCH,11.25,10.9,11.25,11.06728,11.05,10.95,2272900.0,2272900.0,0.0,25154820712.0,0.0,30900.0,342470000.0,773800.0,8552260000.0,1316.0,4419300.0,1553.0,4850000.0,1.6434458445769775,317011533.0,-5525000.0,0.0,-5525000.0,1000.0
2022-07-05T00:00:00,TCH,11.1,10.6,11.05,10.85943,10.6,11.05,2952100.0,2952100.0,0.0,32058123303.0,0.0,100.0,1080000.0,180600.0,1955600000.0,2005.0,5328000.0,1607.0,13373500.0,1.6434458445769775,317959033.0,-12960000.0,0.0,-12960000.0,1000.0
2022-07-06T00:00:00,TCH,10.95,10.3,10.3,10.626479999999999,10.35,10.6,4125300.0,3775300.0,350000.0,43828149944.0,3710000000.0,103600.0,1112200000.0,20700.0,219880000.0,2087.0,7912600.0,1729.0,8307300.0,1.6434458445769775,318670933.0,4390000.0,0.0,4390000.0,1000.0
2022-07-07T00:00:00,TCH,10.65,10.3,10.5,10.433,10.5,10.35,3708500.0,2908500.0,800000.0,38048380500.0,7704000000.0,68200.0,714230000.0,61500.0,636550000.0,1944.0,6563700.0,1168.0,4720700.0,1.6434458445769775,319376533.0,-9410000.0,0.0,-9410000.0,1000.0
2022-07-08T00:00:00,TCH,11.2,10.6,10.7,11.097620000000001,11.2,10.5,7427000.0,7427000.0,0.0,82422023740.0,0.0,196400.0,2185520000.0,707000.0,7825230000.0,2277.0,16775500.0,2626.0,9553000.0,1.6434458445769775,319360733.0,-1070000.0,0.0,-1070000.0,1000.0
2022-07-11T00:00:00,TCH,11.45,11.0,11.2,11.22808,11.15,11.2,3634900.0,3634900.0,0.0,40812947992.0,0.0,6700.0,74370000.0,5300.0,59100000.0,2176.0,7059200.0,2073.0,7313500.0,1.6434458445769775,319377234.0,0.0,0.0,0.0,1000.0
2022-07-12T00:00:00,TCH,11.65,11.15,11.2,11.464120000000001,11.6,11.15,5054500.0,5054500.0,0.0,57945394540.0,0.0,112000.0,1290920000.0,65400.0,748110000.0,2155.0,10602900.0,2500.0,9604900.0,1.6434458445769775,319326734.0,0.0,0.0,0.0,1000.0
2022-07-13T00:00:00,TCH,11.7,11.35,11.6,11.47881,11.35,11.6,4410700.0,4410700.0,0.0,50629587267.0,0.0,11000.0,126080000.0,0.0,0.0,2879.0,7480800.0,1857.0,7752800.0,1.6434458445769775,320022734.0,0.0,0.0,0.0,1000.0
2022-07-14T00:00:00,TCH,11.75,11.25,11.3,11.55165,11.55,11.35,3974500.0,3974500.0,0.0,45912032925.0,0.0,91200.0,1057500000.0,0.0,0.0,1858.0,12582200.0,2401.0,8322200.0,1.6434458445769775,319936602.0,-31160000.0,0.0,-31160000.0,1000.0
2022-07-15T00:00:00,TCH,12.15,11.65,11.7,11.9203,11.85,11.55,5997300.0,5997300.0,0.0,71489615190.0,0.0,50600.0,595630000.0,0.0,0.0,2783.0,15804700.0,3392.0,11258900.0,1.6434458445769775,319951402.0,0.0,0.0,0.0,1000.0
2022-07-18T00:00:00,TCH,12.1,11.7,11.9,11.93195,11.75,11.85,4590200.0,4590200.0,0.0,54770036890.0,0.0,600.0,7150000.0,34200.0,406980000.0,1992.0,7458800.0,2450.0,9605500.0,1.6434458445769775,319950802.0,-1175000.0,0.0,-1175000.0,1000.0
2022-07-19T00:00:00,TCH,11.8,11.4,11.7,11.603879999999998,11.7,11.75,3861900.0,3861900.0,0.0,44813024172.0,0.0,4700.0,54740000.0,157700.0,1827840000.0,2339.0,7124300.0,1585.0,6654100.0,1.6434458445769775,319946038.0,0.0,0.0,0.0,1000.0
2022-07-20T00:00:00,TCH,12.5,11.85,12.0,12.17811,12.15,11.7,6627400.0,6627400.0,0.0,80709206214.0,0.0,897600.0,10868130000.0,45100.0,552120000.0,2368.0,14518000.0,3670.0,11860900.0,1.6434458445769775,319048438.0,30575000.0,0.0,30575000.0,1000.0
2022-07-21T00:00:00,TCH,12.3,11.85,12.2,12.051870000000001,11.9,12.15,2961300.0,2961300.0,0.0,35689202631.0,0.0,600.0,7330000.0,63000.0,761130000.0,1980.0,5223200.0,1770.0,7686500.0,1.6434458445769775,319081942.0,-6100000.0,0.0,-6100000.0,1000.0
2022-07-22T00:00:00,TCH,11.8,11.5,11.7,11.6418,11.5,11.6,2286300.0,2286300.0,0.0,26616647340.0,0.0,100.0,1170000.0,22000.0,256030000.0,1670.0,4006000.0,1289.0,5398700.0,1.6020144366766498,319242042.0,-9310000.0,0.0,-9310000.0,1000.0
2022-07-25T00:00:00,TCH,11.5,11.25,11.45,11.376389999999999,11.35,11.5,2007500.0,2007500.0,0.0,22838102925.0,0.0,3500.0,40080000.0,109000.0,1239060000.0,1997.0,4567300.0,1005.0,3704400.0,1.6020144366766498,319283642.0,0.0,0.0,0.0,1000.0
2022-07-26T00:00:00,TCH,11.55,11.3,11.4,11.39993,11.35,11.35,1477800.0,1477800.0,0.0,16846816554.0,0.0,100.0,1140000.0,36300.0,412580000.0,1597.0,4049700.0,1014.0,3437700.0,1.6020144366766498,319349037.0,-1135000.0,0.0,-1135000.0,1000.0
2022-07-27T00:00:00,TCH,11.6,11.2,11.2,11.403,11.55,11.35,2503800.0,2503800.0,0.0,28550831400.0,0.0,0.0,0.0,0.0,0.0,1860.0,6752700.0,1125.0,4695700.0,1.6020144366766498,319371037.0,-3390000.0,0.0,-3390000.0,1000.0
2022-07-28T00:00:00,TCH,12.0,11.7,11.85,11.84314,11.8,11.55,4161300.0,4161300.0,0.0,49282858482.0,0.0,156900.0,1861120000.0,0.0,0.0,1944.0,8206700.0,2478.0,8545600.0,1.6020144366766498,319323137.0,-14220000.0,0.0,-14220000.0,1000.0
2022-07-29T00:00:00,TCH,12.0,11.7,11.85,11.850209999999999,11.8,11.8,2847800.0,2847800.0,0.0,33747028038.0,0.0,2000.0,23600000.0,8200.0,97170000.0,1309.0,6681900.0,2421.0,7870200.0,1.6020144366766498,319357437.0,-1180000.0,0.0,-1180000.0,1000.0
2022-08-01T00:00:00,TCH,12.3,11.75,11.8,12.07291,12.25,11.8,5826800.0,5826800.0,0.0,70346431988.0,0.0,183500.0,2230840000.0,16000.0,194050000.0,3113.0,12161200.0,3080.0,10433600.0,1.6020144366766498,319173937.0,-187950000.0,0.0,-187950000.0,1000.0
2022-08-02T00:00:00,TCH,12.5,12.1,12.25,12.304459999999999,12.3,12.25,5297000.0,5297000.0,0.0,65176724620.0,0.0,78500.0,965650000.0,188300.0,2316210000.0,3225.0,10848900.0,3021.0,12323900.0,1.6020144366766498,319095437.0,0.0,0.0,0.0,1000.0
2022-08-03T00:00:00,TCH,12.3,12.1,12.2,12.21901,12.3,12.3,7038500.0,7038500.0,0.0,86003501885.0,0.0,206500.0,2530800000.0,1531900.0,18734380000.0,4513.0,15207900.0,2093.0,12686300.0,1.6020144366766498,318897137.0,-3660000.0,0.0,-3660000.0,1000.0
2022-08-04T00:00:00,TCH,12.7,12.25,12.35,12.45725,12.45,12.3,7074100.0,7074100.0,0.0,88123832225.0,0.0,71400.0,889170000.0,559400.0,6938190000.0,2986.0,11830300.0,3896.0,14984000.0,1.6020144366766498,318841737.0,-6200000.0,0.0,-6200000.0,1000.0
2022-08-05T00:00:00,TCH,12.5,12.25,12.5,12.37667,12.45,12.45,3113600.0,3113600.0,0.0,38535999712.0,0.0,21300.0,264960000.0,68300.0,842590000.0,2292.0,7010300.0,2107.0,8457400.0,1.6020144366766498,319008737.0,-6200000.0,0.0,-6200000.0,1000.0
2022-08-08T00:00:00,TCH,12.65,12.3,12.5,12.40439,12.3,12.45,4598900.0,4598900.0,0.0,57046549171.0,0.0,12100.0,150440000.0,92600.0,1147490000.0,2558.0,7012400.0,2390.0,10044900.0,1.6020144366766498,320528537.0,0.0,0.0,0.0,1000.0
2022-08-09T00:00:00,TCH,12.85,12.3,12.3,12.59466,12.55,12.3,8430600.0,8430600.0,0.0,106180540596.0,0.0,17700.0,222440000.0,6200.0,76990000.0,3516.0,18710100.0,3973.0,22378500.0,1.6020144366766498,321070237.0,-3765000.0,0.0,-3765000.0,1000.0
2022-08-10T00:00:00,TCH,12.8,12.5,12.55,12.66475,12.6,12.55,3739300.0,3739300.0,0.0,47357299675.0,0.0,2000.0,25400000.0,47100.0,595730000.0,1894.0,8085400.0,2655.0,10305800.0,1.6020144366766498,321136537.0,0.0,0.0,0.0,1000.0
2022-08-11T00:00:00,TCH,12.8,12.2,12.75,12.516729999999999,12.25,12.6,4695600.0,4695600.0,0.0,58773557388.0,0.0,44300.0,543370000.0,232600.0,2909400000.0,2657.0,9567600.0,2894.0,11905100.0,1.6020144366766498,321184837.0,-13865000.0,0.0,-13865000.0,1000.0
2022-08-12T00:00:00,TCH,12.45,12.1,12.25,12.259120000000001,12.35,12.25,3099500.0,3099500.0,0.0,37997142440.0,0.0,154500.0,1904220000.0,300.0,3700000.0,2369.0,7150000.0,1638.0,7063000.0,1.6020144366766498,321036497.0,608805000.0,0.0,608805000.0,1000.0
2022-08-15T00:00:00,TCH,12.6,12.35,12.5,12.43996,12.45,12.35,3612900.0,3612900.0,0.0,44944331484.0,0.0,0.0,0.0,58400.0,725030000.0,1694.0,9130700.0,2073.0,7889200.0,1.6020144366766498,321083597.0,0.0,0.0,0.0,1000.0
2022-08-16T00:00:00,TCH,12.5,12.3,12.4,12.385639999999999,12.4,12.45,2811000.0,2811000.0,0.0,34816034040.0,0.0,3000.0,37200000.0,0.0,0.0,1619.0,5077600.0,1612.0,7278800.0,1.6020144366766498,321313197.0,0.0,0.0,0.0,1000.0
2022-08-17T00:00:00,TCH,12.75,12.3,12.5,12.49277,12.35,12.4,4672800.0,4672800.0,0.0,58376215656.0,0.0,8300.0,103340000.0,138400.0,1720840000.0,2059.0,9276600.0,2918.0,12155100.0,1.6020144366766498,321305197.0,14960000.0,0.0,14960000.0,1000.0
2022-08-18T00:00:00,TCH,12.35,12.15,12.35,12.23064,12.15,12.35,3005194.0,2879100.0,126094.0,36663316624.0,1450081000.0,1000.0,12290000.0,106700.0,1304770000.0,1911.0,5094800.0,1448.0,6596600.0,1.6020144366766498,321361496.0,-4890000.0,0.0,-4890000.0,1000.0
2022-08-19T00:00:00,TCH,12.3,11.95,12.15,12.098690000000001,11.95,12.15,3466600.0,3466600.0,0.0,41941318754.0,0.0,18800.0,224660000.0,177900.0,2145690000.0,2100.0,5572400.0,1702.0,11018700.0,1.6020144366766498,321342688.0,0.0,0.0,0.0,1000.0
2022-08-22T00:00:00,TCH,12.0,11.65,11.95,11.799479999999999,11.65,11.95,3048100.0,3048100.0,0.0,35965994988.0,0.0,400.0,4780000.0,172800.0,2042630000.0,2465.0,5484800.0,1541.0,6509800.0,1.6020144366766498,321480688.0,0.0,0.0,0.0,1000.0
2022-08-23T00:00:00,TCH,12.05,11.5,11.6,11.77657,12.05,11.65,2415200.0,2415200.0,0.0,28442771864.0,0.0,63700.0,753910000.0,0.0,0.0,2097.0,7273300.0,1221.0,4540200.0,1.6020144366766498,321523688.0,0.0,0.0,0.0,1000.0
2022-08-24T00:00:00,TCH,12.15,12.0,12.05,12.089030000000001,12.1,12.05,2986700.0,2986700.0,0.0,36106305901.0,0.0,89700.0,1085320000.0,4700.0,56870000.0,1506.0,5658300.0,1620.0,6123000.0,1.6020144366766498,321611888.0,-9680000.0,0.0,-9680000.0,1000.0
2022-08-25T00:00:00,TCH,12.5,12.1,12.2,12.32437,12.45,12.1,5028900.0,5028900.0,0.0,61978024293.0,0.0,178300.0,2189410000.0,300000.0,3697500000.0,2617.0,10290700.0,2886.0,9072100.0,1.6020144366766498,321606388.0,-15910000.0,0.0,-15910000.0,1000.0
2022-08-26T00:00:00,TCH,12.9,12.4,12.6,12.638,12.5,12.45,8329500.0,7969500.0,360000.0,105038541000.0,4320000000.0,22800.0,287090000.0,238500.0,2988720000.0,2621.0,15820800.0,5347.0,21555200.0,1.6020144366766498,321583588.0,-17580000.0,-4320000000.0,-4337580000.0,1000.0
2022-08-29T00:00:00,TCH,12.25,11.85,12.15,12.045290000000001,12.1,12.5,4854400.0,4854400.0,0.0,58472655776.0,0.0,18100.0,219920000.0,137800.0,1664840000.0,2806.0,10639400.0,1809.0,8942400.0,1.6020144366766498,321570188.0,-4820000.0,0.0,-4820000.0,1000.0
2022-08-30T00:00:00,TCH,12.25,11.9,12.25,12.02633,11.9,12.1,3103200.0,3103200.0,0.0,37320107256.0,0.0,1000.0,12170000.0,132600.0,1600220000.0,1643.0,5063900.0,1636.0,7964200.0,1.6020144366766498,321898888.0,4960000.0,0.0,4960000.0,1000.0
2022-08-31T00:00:00,TCH,12.2,11.85,12.0,12.01861,12.1,11.9,3424800.0,3064800.0,360000.0,41370635928.0,4536000000.0,1000.0,12100000.0,70700.0,841330000.0,1694.0,12595900.0,1554.0,7094900.0,1.6020144366766498,322136388.0,173475000.0,4536000000.0,4709475000.0,1000.0
2022-09-05T00:00:00,TCH,12.2,11.95,12.1,12.05333,12.0,12.1,2112300.0,2112300.0,0.0,25460248959.0,0.0,259700.0,3135050000.0,84900.0,1018800000.0,1316.0,6976200.0,1369.0,5602400.0,1.6020144366766498,322014488.0,-15700000.0,0.0,-15700000.0,1000.0
2022-09-06T00:00:00,TCH,12.1,11.95,12.0,11.99705,11.95,12.0,3319000.0,2939000.0,380000.0,39629329950.0,4370000000.0,111900.0,1343130000.0,1100.0,13260000.0,1673.0,4732800.0,1500.0,5869600.0,1.6020144366766498,322035188.0,-380000000.0,0.0,-380000000.0,1000.0
2022-09-07T00:00:00,TCH,12.0,11.15,11.95,11.703479999999999,11.5,11.95,5326100.0,5326100.0,0.0,62333904828.0,0.0,19400.0,230270000.0,1000000.0,11737220000.0,3068.0,7710800.0,1478.0,8474000.0,1.6020144366766498,322086488.0,9440000.0,0.0,9440000.0,1000.0
2022-09-08T00:00:00,TCH,11.65,11.1,11.6,11.30065,11.2,11.5,3460000.0,3460000.0,0.0,39100249000.0,0.0,306400.0,3472580000.0,653600.0,7409650000.0,2485.0,6755400.0,1238.0,6638800.0,1.6020144366766498,321864988.0,-1155000.0,0.0,-1155000.0,1000.0
2022-09-09T00:00:00,TCH,11.4,10.9,11.3,11.10077,11.1,11.2,3960400.0,3580400.0,380000.0,44286196908.0,4541000000.0,200.0,2210000.0,410000.0,4566000000.0,1994.0,6618800.0,1280.0,5713800.0,1.6020144366766498,321865888.0,-380000000.0,0.0,-380000000.0,1000.0
2022-09-12T00:00:00,TCH,11.4,11.0,11.3,11.15675,11.1,11.1,3282900.0,3282900.0,0.0,36626494575.0,0.0,5510.0,62280000.0,1005000.0,11136460000.0,2509.0,5642268.0,5286.0,5503563.0,1.6020144366766498,322862378.0,-1472000.0,0.0,-1472000.0,1000.0
2022-09-13T00:00:00,TCH,11.3,10.95,11.2,11.064770000000001,11.1,11.1,3206400.0,2756400.0,450000.0,35223932028.0,4725000000.0,57700.0,638940000.0,1520000.0,16773240000.0,2354.0,4615820.0,3201.0,10343796.0,1.6020144366766498,323458278.0,938000.0,-4725000000.0,-4724062000.0,1000.0
2022-09-14T00:00:00,TCH,11.05,10.7,10.85,10.86919,10.95,11.1,3790600.0,3790600.0,0.0,41200751614.0,0.0,132800.0,1443660000.0,450000.0,4896620000.0,3601.0,7650306.0,2015.0,5938199.0,1.6020144366766498,323735478.0,-2170000.0,0.0,-2170000.0,1000.0
2022-09-15T00:00:00,TCH,11.1,10.9,11.1,10.97438,10.95,10.95,1868600.0,1868600.0,0.0,20506726468.0,0.0,13600.0,148940000.0,0.0,0.0,1755.0,4404132.0,2132.0,4074498.0,1.6020144366766498,324726878.0,-2195000.0,0.0,-2195000.0,1000.0
2022-09-16T00:00:00,TCH,10.95,10.55,10.95,10.763069999999999,10.6,10.95,2386100.0,2386100.0,0.0,25681761327.0,0.0,202623.0,2169570000.0,223100.0,2364860000.0,2425.0,4832830.0,1522.0,5062592.0,1.6020144366766498,326044255.0,-4864000.0,0.0,-4864000.0,1000.0
2022-09-19T00:00:00,TCH,10.7,10.0,10.7,10.31388,10.0,10.6,4197400.0,4197400.0,0.0,43291479912.0,0.0,28200.0,294250000.0,664500.0,6857660000.0,2608.0,7164086.0,1570.0,8381399.0,1.6020144366766498,326466055.0,1425000.0,0.0,1425000.0,1000.0
2022-09-20T00:00:00,TCH,10.45,10.0,10.2,10.18017,10.45,10.0,3474400.0,3474400.0,0.0,35369982648.0,0.0,104800.0,1072270000.0,155858.0,1582400000.0,2781.0,7642662.0,1654.0,6516710.0,1.6020144366766498,326361255.0,0.0,0.0,0.0,1000.0
2022-09-21T00:00:00,TCH,10.8,10.3,10.4,10.692680000000001,10.75,10.45,4749300.0,4299300.0,450000.0,50988539124.0,5017500000.0,18500.0,198770000.0,7200.0,76680000.0,2871.0,9032852.0,2433.0,6973664.0,1.6020144366766498,326565855.0,0.0,0.0,0.0,1000.0
2022-09-22T00:00:00,TCH,11.2,10.6,10.7,10.9824,11.15,10.75,4084000.0,4084000.0,0.0,44852121600.0,0.0,43000.0,475900000.0,62100.0,678070000.0,2963.0,9749244.0,3069.0,7738736.0,1.6020144366766498,327187355.0,-2175000.0,0.0,-2175000.0,1000.0
2022-09-23T00:00:00,TCH,11.35,10.85,11.25,11.16727,11.0,11.15,3628900.0,3628900.0,0.0,40524906103.0,0.0,0.0,0.0,80821.0,903330000.0,2297.0,6154781.0,2657.0,7789763.0,1.6020144366766498,327343213.0,-743000.0,0.0,-743000.0,1000.0
2022-09-26T00:00:00,TCH,11.55,10.85,10.9,11.34552,11.45,11.0,10167700.0,10167700.0,0.0,115357843704.0,0.0,163000.0,1847170000.0,1200.0,13570000.0,4471.0,19742293.0,5403.0,17689450.0,1.6020144366766498,327187413.0,62535000.0,0.0,62535000.0,1000.0
2022-09-27T00:00:00,TCH,12.25,11.6,11.8,12.06629,12.1,11.45,11456500.0,11456500.0,0.0,138237451385.0,0.0,125600.0,1507110000.0,9500.0,116030000.0,4792.0,20618266.0,5705.0,17351973.0,1.6020144366766498,327123913.0,0.0,0.0,0.0,1000.0
2022-09-28T00:00:00,TCH,12.4,11.4,12.3,11.92478,11.65,12.1,9967100.0,9967100.0,0.0,118855474738.0,0.0,5231.0,61310000.0,148100.0,1771630000.0,5036.0,17502894.0,5740.0,23046424.0,1.6020144366766498,327201503.0,57372000.0,0.0,57372000.0,1000.0
2022-09-29T00:00:00,TCH,11.95,10.85,11.9,11.38118,10.85,11.65,6448000.0,6448000.0,0.0,73385848640.0,0.0,10800.0,126930000.0,116720.0,1340070000.0,3302.0,10343535.0,2815.0,13364220.0,1.6020144366766498,327191903.0,61015000.0,0.0,61015000.0,1000.0
2022-09-30T00:00:00,TCH,11.3,10.3,10.85,10.80368,11.3,10.85,7665300.0,7665300.0,0.0,82813448304.0,0.0,268500.0,2869670000.0,100.0,1080000.0,4624.0,17079898.0,2838.0,14302582.0,1.6020144366766498,326932903.0,283175000.0,0.0,283175000.0,1000.0
2022-10-03T00:00:00,TCH,11.7,10.65,11.25,11.29838,10.8,11.3,7455900.0,7455900.0,0.0,84239591442.0,0.0,66899.0,755480000.0,95465.0,1074770000.0,3788.0,12643392.0,3098.0,13783471.0,1.6020144366766498,327014104.0,26361000.0,0.0,26361000.0,1000.0
2022-10-04T00:00:00,TCH,11.2,10.6,11.1,10.94492,10.7,10.8,5539500.0,5089500.0,450000.0,60226670340.0,4522500000.0,22300.0,243630000.0,343154.0,3746030000.0,3093.0,10344736.0,2683.0,10815052.0,1.6020144366766498,327108524.0,9990000.0,0.0,9990000.0,1000.0
2022-10-05T00:00:00,TCH,11.2,10.9,11.0,11.061129999999999,11.0,10.7,4233400.0,4233400.0,0.0,46826187742.0,0.0,42200.0,467460000.0,15300.0,168970000.0,2108.0,8045926.0,2076.0,7971663.0,1.6020144366766498,327066424.0,12340000.0,0.0,12340000.0,1000.0
2022-10-06T00:00:00,TCH,11.15,10.25,11.05,10.551540000000001,10.25,11.0,6083800.0,6043800.0,40000.0,64231397452.0,460000000.0,5100.0,54060000.0,223100.0,2380840000.0,3517.0,8887463.0,2077.0,11420482.0,1.6020144366766498,327156789.0,0.0,0.0,0.0,1000.0
2022-10-07T00:00:00,TCH,10.15,9.55,10.1,9.8016,9.56,10.25,7130900.0,7130900.0,0.0,69894229440.0,0.0,77500.0,757560000.0,51400.0,509880000.0,4510.0,11884162.0,2295.0,12275864.0,1.6020144366766498,327422443.0,0.0,0.0,0.0,1000.0
2022-10-10T00:00:00,TCH,10.0,9.4,9.4,9.741879999999998,10.0,9.56,4256100.0,4256100.0,0.0,41462415468.0,0.0,100.0,970000.0,14700.0,142430000.0,2654.0,8654075.0,1870.0,6238892.0,1.6020144366766498,327439443.0,0.0,0.0,0.0,1000.0
2022-10-11T00:00:00,TCH,10.0,9.3,9.9,9.52241,9.3,10.0,4323700.0,4323700.0,0.0,41172044117.0,0.0,310700.0,2965640000.0,0.0,0.0,2953.0,6817809.0,1595.0,7033844.0,1.6020144366766498,327355843.0,0.0,0.0,0.0,1000.0
2022-10-12T00:00:00,TCH,9.93,9.2,9.2,9.640709999999999,9.76,9.3,3330700.0,3330700.0,0.0,32110312797.0,0.0,700100.0,6807750000.0,0.0,0.0,2845.0,5826432.0,2078.0,5360464.0,1.6020144366766498,326707143.0,17091000.0,0.0,17091000.0,1000.0
2022-10-13T00:00:00,TCH,9.89,9.59,9.76,9.74984,9.72,9.76,1727300.0,1727300.0,0.0,16840898632.0,0.0,124400.0,1216240000.0,1700.0,16590000.0,1934.0,3768625.0,1295.0,4895528.0,1.6020144366766498,326597443.0,-2259818000.0,0.0,-2259818000.0,1000.0
2022-10-14T00:00:00,TCH,10.0,9.64,9.97,9.83174,9.72,9.72,3257900.0,3257900.0,0.0,32030825746.0,0.0,100.0,990000.0,6200.0,61260000.0,1925.0,4851272.0,2067.0,7160797.0,1.6020144366766498,326597343.0,0.0,0.0,0.0,1000.0
2022-10-17T00:00:00,TCH,9.79,9.41,9.71,9.60407,9.64,9.72,2050900.0,2050900.0,0.0,19696987163.0,0.0,12500.0,120060000.0,20252.0,195240000.0,1934.0,3870020.0,1212.0,4087643.0,1.6020144366766498,326584843.0,-121896000.0,0.0,-121896000.0,1000.0
2022-10-18T00:00:00,TCH,10.25,9.78,9.8,10.00041,9.91,9.64,4053300.0,4053300.0,0.0,40534661853.0,0.0,60800.0,610910000.0,20900.0,207990000.0,1942.0,6600667.0,2735.0,8687641.0,1.6020144366766498,326525743.0,0.0,0.0,0.0,1000.0
2022-10-19T00:00:00,TCH,10.1,9.84,10.0,9.919979999999999,9.86,9.91,1218300.0,1218300.0,0.0,12085511634.0,0.0,3200.0,32320000.0,9400.0,93110000.0,1103.0,2364598.0,1250.0,3706576.0,1.6020144366766498,326528743.0,-991000.0,0.0,-991000.0,1000.0
2022-10-20T00:00:00,TCH,9.86,9.59,9.85,9.71374,9.71,9.86,2114116.0,2114100.0,16.0,20535964454.0,146720.0,133472.0,1296000000.0,136400.0,1324490000.0,1599.0,3412635.0,1013.0,4036299.0,1.6020144366766498,326420023.0,0.0,0.0,0.0,1000.0
2022-10-21T00:00:00,TCH,9.8,9.05,9.8,9.326229999999999,9.05,9.71,4515900.0,4515900.0,0.0,42116322057.0,0.0,0.0,0.0,0.0,0.0,2751.0,7418605.0,1629.0,6820297.0,1.6020144366766498,326440923.0,-2738000.0,0.0,-2738000.0,1000.0
2022-10-24T00:00:00,TCH,9.39,8.42,9.18,8.76107,8.42,9.05,7472400.0,7472400.0,0.0,65466219468.0,0.0,6000.0,52850000.0,100.0,850000.0,2986.0,10079343.0,2105.0,10890072.0,1.6020144366766498,326444323.0,0.0,0.0,0.0,1000.0
2022-10-25T00:00:00,TCH,8.69,7.87,8.15,8.18596,8.05,8.42,6034800.0,6034800.0,0.0,49400631408.0,0.0,141900.0,1163650000.0,100.0,810000.0,3325.0,12385699.0,2088.0,10489409.0,1.6020144366766498,326438823.0,0.0,0.0,0.0,1000.0
2022-10-26T00:00:00,TCH,8.35,7.55,8.2,7.918609999999999,7.55,8.05,5657200.0,4717700.0,939500.0,44394481397.0,7036855000.0,291000.0,2256850000.0,1800.0,14850000.0,2673.0,9084516.0,1641.0,9169879.0,1.6020144366766498,326156823.0,0.0,0.0,0.0,1000.0
2022-10-27T00:00:00,TCH,8.07,7.5,7.58,7.86187,8.07,7.55,3628000.0,3628000.0,0.0,28522864360.0,0.0,157800.0,1239560000.0,0.0,0.0,2499.0,12518951.0,1786.0,5322585.0,1.6020144366766498,326000923.0,875000.0,0.0,875000.0,1000.0
2022-10-28T00:00:00,TCH,8.53,8.16,8.21,8.33328,8.23,8.07,3694400.0,3192000.0,502400.0,30372853760.0,3773024000.0,45500.0,378240000.0,58469.0,485730000.0,2134.0,6770270.0,1890.0,7098258.0,1.6020144366766498,325955523.0,0.0,0.0,0.0,1000.0
2022-10-31T00:00:00,TCH,8.3,7.76,8.3,8.00448,8.0,8.23,4887100.0,4862100.0,25000.0,39110082208.0,191500000.0,9900.0,79480000.0,46100.0,373390000.0,2681.0,8267246.0,1613.0,8412176.0,1.6020144366766498,325947423.0,10654000.0,0.0,10654000.0,1000.0
2022-11-01T00:00:00,TCH,8.3,8.0,8.23,8.14237,8.13,8.0,2504300.0,2504300.0,0.0,20390937191.0,0.0,99400.0,807660000.0,109500.0,887460000.0,1640.0,4991189.0,1498.0,5524992.0,1.6020144366766498,325848023.0,-49000.0,0.0,-49000.0,1000.0
2022-11-02T00:00:00,TCH,8.28,8.03,8.14,8.12511,8.05,8.13,2003800.0,2003800.0,0.0,16281095418.0,0.0,62600.0,509400000.0,59800.0,485860000.0,1871.0,3975140.0,1378.0,5407205.0,1.6020144366766498,325857392.0,-14775000.0,0.0,-14775000.0,1000.0
2022-11-03T00:00:00,TCH,8.05,7.8,7.9,7.923649999999999,7.85,8.05,2199800.0,2199800.0,0.0,17430445270.0,0.0,14900.0,118010000.0,36300.0,288180000.0,2028.0,4976858.0,1228.0,4366751.0,1.6020144366766498,325888592.0,0.0,0.0,0.0,1000.0
2022-11-04T00:00:00,TCH,7.85,7.31,7.8,7.4319,7.31,7.85,6433600.0,6433600.0,0.0,47813871840.0,0.0,420500.0,3105780000.0,9400.0,70090000.0,3400.0,9361754.0,1588.0,9682423.0,1.6020144366766498,325577592.0,0.0,0.0,0.0,1000.0
2022-11-07T00:00:00,TCH,7.37,6.8,7.16,6.91566,6.8,7.31,6708400.0,6708400.0,0.0,46393013544.0,0.0,272600.0,1854740000.0,75.0,510000.0,2387.0,8569079.0,1672.0,13520471.0,1.6020144366766498,325364792.0,0.0,0.0,0.0,1000.0
2022-11-08T00:00:00,TCH,7.25,6.81,6.96,7.10113,7.25,6.8,6362900.0,6362900.0,0.0,45183780077.0,0.0,408608.0,2913280000.0,200.0,1430000.0,3590.0,14704924.0,2741.0,9589217.0,1.6020144366766498,324992484.0,0.0,0.0,0.0,1000.0
2022-11-09T00:00:00,TCH,7.74,7.45,7.49,7.59485,7.59,7.25,5550500.0,5550500.0,0.0,42155214925.0,0.0,99100.0,753710000.0,31100.0,236630000.0,2544.0,12116023.0,2595.0,8401960.0,1.6020144366766498,324902784.0,-770000.0,0.0,-770000.0,1000.0
2022-11-10T00:00:00,TCH,7.59,7.06,7.5,7.1902,7.06,7.59,8250300.0,8050300.0,200000.0,59303267060.0,1420000000.0,13800.0,102570000.0,38100.0,278630000.0,2888.0,12018780.0,2084.0,12469889.0,1.6020144366766498,324889059.0,0.0,0.0,0.0,1000.0
2022-11-11T00:00:00,TCH,7.39,6.57,7.3,6.8769,6.57,7.06,7148400.0,7148400.0,0.0,49158831960.0,0.0,11100.0,75320000.0,203600.0,1433330000.0,2985.0,10024914.0,2047.0,13933144.0,1.6020144366766498,324878159.0,0.0,0.0,0.0,1000.0
2022-11-14T00:00:00,TCH,6.34,6.12,6.12,6.14083,6.12,6.57,8490000.0,8490000.0,0.0,52135646700.0,0.0,347800.0,2149860000.0,0.0,0.0,2913.0,10293514.0,1835.0,18364116.0,1.6020144366766498,324561459.0,0.0,0.0,0.0,1000.0
2022-11-15T00:00:00,TCH,5.9,5.7,5.7,5.70645,5.7,6.12,5111000.0,5079500.0,31500.0,29165462775.0,179550000.0,198500.0,1137740000.0,0.0,0.0,1590.0,5492429.0,1889.0,19556168.0,1.6020144366766498,324401059.0,10260000.0,0.0,10260000.0,1000.0
2022-11-16T00:00:00,TCH,6.09,5.31,5.31,5.61967,6.09,5.7,11050800.0,11014000.0,36800.0,62090453380.0,195408000.0,404300.0,2334880000.0,0.0,0.0,3597.0,22714081.0,2742.0,15262106.0,1.6020144366766498,324200359.0,77694000.0,0.0,77694000.0,1000.0
2022-11-17T00:00:00,TCH,6.51,6.3,6.48,6.49709,6.51,6.09,6806700.0,6806700.0,0.0,44223742503.0,0.0,135100.0,878470000.0,16800.0,108980000.0,3232.0,16511062.0,1729.0,7909802.0,1.6020144366766498,324065259.0,0.0,0.0,0.0,1000.0
2022-11-18T00:00:00,TCH,6.96,6.1,6.65,6.62278,6.96,6.51,12621900.0,12621900.0,0.0,83592066882.0,0.0,130900.0,873600000.0,255800.0,1676470000.0,4337.0,26220388.0,3292.0,19398893.0,1.6020144366766498,323934359.0,0.0,0.0,0.0,1000.0
2022-11-21T00:00:00,TCH,7.44,7.15,7.2,7.333489999999999,7.44,6.96,5389400.0,5389400.0,0.0,39523111006.0,0.0,192800.0,1403500000.0,226200.0,1654140000.0,3110.0,19596965.0,2106.0,7349433.0,1.6020144366766498,323741559.0,-3016000.0,0.0,-3016000.0,1000.0
2022-11-22T00:00:00,TCH,7.96,7.8,7.96,7.94789,7.96,7.44,15182100.0,15182100.0,0.0,120665660769.0,0.0,302900.0,2407170000.0,26300.0,209240000.0,5099.0,26554251.0,2619.0,17079675.0,1.6020144366766498,323455459.0,0.0,0.0,0.0,1000.0
2022-11-23T00:00:00,TCH,8.36,7.78,7.97,8.02397,7.94,7.96,9814300.0,9814300.0,0.0,78749648771.0,0.0,90900.0,736270000.0,133300.0,1066080000.0,4850.0,17300583.0,4102.0,18619542.0,1.6020144366766498,323620359.0,-6352000.0,0.0,-6352000.0,1000.0
2022-11-24T00:00:00,TCH,8.16,7.75,7.8,7.94739,8.1,7.94,5618900.0,5618900.0,0.0,44655589671.0,0.0,181300.0,1450190000.0,61100.0,482030000.0,3412.0,11722306.0,2865.0,11808302.0,1.6020144366766498,323665259.0,-810000.0,0.0,-810000.0,1000.0
2022-11-25T00:00:00,TCH,8.62,8.21,8.4,8.42825,8.62,8.1,7036600.0,7036600.0,0.0,59306223950.0,0.0,94373.0,796840000.0,11800.0,99410000.0,3130.0,13926242.0,2882.0,11980485.0,1.6020144366766498,323597186.0,-68960000.0,0.0,-68960000.0,1000.0
2022-11-28T00:00:00,TCH,9.22,8.82,8.9,9.09474,9.22,8.62,8110800.0,8110800.0,0.0,73765617192.0,0.0,43400.0,394780000.0,192200.0,1746920000.0,4720.0,15376976.0,2981.0,13015390.0,1.6020144366766498,323687086.0,-2545000.0,0.0,-2545000.0,1000.0
2022-11-29T00:00:00,TCH,9.4,8.8,9.4,9.11656,9.06,9.22,12608100.0,12608100.0,0.0,114942500136.0,0.0,94700.0,860420000.0,132000.0,1221470000.0,8147.0,24140125.0,4315.0,24499225.0,1.6020144366766498,323653486.0,0.0,0.0,0.0,1000.0
2022-11-30T00:00:00,TCH,9.34,8.95,9.06,9.17052,9.1,9.06,9832700.0,9832700.0,0.0,90170972004.0,0.0,237400.0,2185280000.0,2164300.0,19800240000.0,5174.0,21263172.0,3440.0,17945986.0,1.6020144366766498,323427886.0,0.0,0.0,0.0,1000.0
2022-12-01T00:00:00,TCH,8.39,7.8,8.39,8.14487,7.83,7.9,11070500.0,10810500.0,260000.0,90247117135.0,2197000000.0,67600.0,546460000.0,47193.0,370140000.0,5924.0,17375969.0,2943.0,19403618.0,1.3907597856588128,323552486.0,0.0,0.0,0.0,1000.0
2022-12-02T00:00:00,TCH,8.01,7.4,7.57,7.67744,8.0,7.83,10329300.0,10129300.0,200000.0,79227092992.0,1460000000.0,225700.0,1752800000.0,92800.0,712510000.0,6246.0,17863008.0,3317.0,19640693.0,1.3907597856588128,323458786.0,-6386000.0,0.0,-6386000.0,1000.0
2022-12-05T00:00:00,TCH,8.29,7.75,8.19,7.96222,7.75,8.0,9982000.0,9502000.0,480000.0,79504014440.0,3847000000.0,100800.0,810070000.0,56263.0,455600000.0,5369.0,15111324.0,3809.0,21207363.0,1.3907597856588128,325522286.0,-501000.0,0.0,-501000.0,1000.0
2022-12-06T00:00:00,TCH,7.65,7.21,7.6,7.3491800000000005,7.21,7.75,15093700.0,15093700.0,0.0,110926318166.0,0.0,142800.0,1048180000.0,34800.0,264170000.0,7604.0,19206536.0,4101.0,29600284.0,1.3907597856588128,325426679.0,0.0,0.0,0.0,1000.0
2022-12-07T00:00:00,TCH,7.21,6.71,6.92,6.8623,6.71,7.21,9409600.0,9409600.0,0.0,64571498080.0,0.0,273300.0,1900980000.0,463931.0,3188240000.0,5158.0,14313204.0,2906.0,17856320.0,1.3907597856588128,325246179.0,0.0,0.0,0.0,1000.0
2022-12-08T00:00:00,TCH,7.17,6.9,6.9,7.08354,7.17,6.71,9388700.0,9388700.0,0.0,66505231998.0,0.0,476300.0,3377400000.0,14827.0,103280000.0,4896.0,17530894.0,2690.0,12228454.0,1.3907597856588128,324826142.0,-10663862000.0,0.0,-10663862000.0,1000.0
2022-12-09T00:00:00,TCH,7.26,7.06,7.25,7.135689999999999,7.14,7.17,3650800.0,3650800.0,0.0,26050977052.0,0.0,58900.0,419730000.0,27100.0,193290000.0,2524.0,7445755.0,2107.0,9177430.0,1.3907597856588128,324802042.0,0.0,0.0,0.0,1000.0
2022-12-12T00:00:00,TCH,7.41,7.05,7.11,7.26967,7.07,7.14,8067100.0,7067100.0,1000000.0,58975484857.0,7600000000.0,543600.0,3984600000.0,117400.0,845640000.0,4224.0,12600085.0,3046.0,13724914.0,1.3907597856588128,324722373.0,-2928000.0,7600000000.0,7597072000.0,1000.0
2022-12-13T00:00:00,TCH,7.29,6.96,7.05,7.11038,7.29,7.07,4736700.0,4736700.0,0.0,33679736946.0,0.0,158620.0,1127230000.0,208000.0,1476380000.0,2789.0,9580771.0,2252.0,9402218.0,1.3907597856588128,324578580.0,718000000.0,0.0,718000000.0,1000.0
2022-12-14T00:00:00,TCH,7.8,7.38,7.49,7.72409,7.8,7.29,9615100.0,9615100.0,0.0,74267897759.0,0.0,34300.0,267120000.0,19300.0,146490000.0,2950.0,20145513.0,2767.0,10951868.0,1.3907597856588128,324571380.0,-6240000.0,0.0,-6240000.0,1000.0
2022-12-15T00:00:00,TCH,8.05,7.67,7.9,7.815270000000001,7.69,7.8,8297500.0,8297500.0,0.0,64847202825.0,0.0,112900.0,881670000.0,286700.0,2215950000.0,4638.0,13802003.0,4591.0,19015158.0,1.3907597856588128,324575880.0,1556526000.0,0.0,1556526000.0,1000.0
2022-12-16T00:00:00,TCH,7.9,7.45,7.45,7.75333,7.9,7.69,7958800.0,7958800.0,0.0,61707202804.0,0.0,1917400.0,15108660000.0,8010.0,61380000.0,4185.0,16113523.0,3568.0,17159664.0,1.3907597856588128,322866480.0,740576000.0,0.0,740576000.0,1000.0
2022-12-19T00:00:00,TCH,7.97,7.35,7.9,7.718109999999999,7.35,7.9,8986800.0,8986800.0,0.0,69361110948.0,0.0,112100.0,856450000.0,204700.0,1602900000.0,4190.0,12409321.0,3274.0,18895361.0,1.3907597856588128,322773680.0,452590000.0,0.0,452590000.0,1000.0
2022-12-20T00:00:00,TCH,7.45,6.9,7.26,7.12149,7.0,7.35,8958700.0,8598700.0,360000.0,63697956063.0,2462400000.0,267400.0,1918640000.0,27900.0,198360000.0,5605.0,19251168.0,2834.0,15437820.0,1.3907597856588128,322792980.0,-46140000.0,0.0,-46140000.0,1000.0
2022-12-21T00:00:00,TCH,7.25,6.59,7.25,6.90508,6.91,7.0,5446200.0,5446200.0,0.0,37606446696.0,0.0,7000.0,48950000.0,205500.0,1441450000.0,3550.0,10901506.0,2056.0,10291977.0,1.3907597856588128,322793990.0,670294000.0,0.0,670294000.0,1000.0
2022-12-22T00:00:00,TCH,7.15,6.7,7.06,6.962680000000001,7.0,6.91,3036200.0,2816200.0,220000.0,21022899416.0,1414600000.0,21600.0,149980000.0,67000.0,469750000.0,2392.0,7794198.0,1794.0,8201198.0,1.3907597856588128,322977090.0,-16800000.0,0.0,-16800000.0,1000.0
2022-12-23T00:00:00,TCH,7.05,6.86,7.0,6.97201,6.96,7.0,1941900.0,1941900.0,0.0,13538946219.0,0.0,25810.0,179840000.0,184500.0,1288040000.0,1812.0,4994035.0,1378.0,5583458.0,1.3907597856588128,322979180.0,-22272000.0,0.0,-22272000.0,1000.0
2022-12-26T00:00:00,TCH,6.95,6.48,6.9,6.67316,6.48,6.96,4039900.0,3968400.0,71500.0,26945088144.0,463320000.0,38800.0,261260000.0,12000.0,82700000.0,2462.0,7253966.0,1377.0,6325132.0,1.3907597856588128,323145880.0,0.0,0.0,0.0,1000.0
2022-12-27T00:00:00,TCH,6.9,6.45,6.5,6.63415,6.9,6.48,3187900.0,3087900.0,100000.0,21088591785.0,603000000.0,171040.0,1139690000.0,22400.0,152460000.0,2225.0,8007205.0,1329.0,4783375.0,1.3907597856588128,323041840.0,0.0,0.0,0.0,1000.0
2022-12-28T00:00:00,TCH,7.0,6.8,6.95,6.91293,6.9,6.9,1890700.0,1890700.0,0.0,13070276751.0,0.0,27000.0,186450000.0,15100.0,103840000.0,1581.0,4459339.0,1447.0,5943178.0,1.3907597856588128,323199340.0,-478000.0,0.0,-478000.0,1000.0
2022-12-29T00:00:00,TCH,7.09,6.8,6.88,6.92246,6.86,6.9,2045900.0,2045900.0,0.0,14162660914.0,0.0,125900.0,871090000.0,41000.0,283410000.0,1438.0,4863287.0,1584.0,6763784.0,1.3907597856588128,323085440.0,-686000.0,0.0,-686000.0,1000.0
2022-12-30T00:00:00,TCH,6.91,6.6,6.91,6.8150699999999995,6.79,6.86,2016200.0,2016200.0,0.0,13740544134.0,0.0,17500.0,116330000.0,181900.0,1241990000.0,1550.0,4584465.0,1109.0,5094505.0,1.3907597856588128,323090340.0,0.0,0.0,0.0,1000.0
2023-01-03T00:00:00,TCH,7.21,6.79,6.79,7.09393,7.21,6.79,4228100.0,4228100.0,0.0,29993845433.0,0.0,186700.0,1320570000.0,0.0,0.0,1896.0,7808935.0,2047.0,7255816.0,1.3907597856588128,322918740.0,0.0,0.0,0.0,1000.0
2023-01-04T00:00:00,TCH,7.29,7.09,7.24,7.172149999999999,7.1,7.21,3995400.0,3764800.0,230600.0,28707036320.0,1705326000.0,45600.0,323760000.0,0.0,0.0,2241.0,6513479.0,1910.0,8145536.0,1.3907597856588128,322914140.0,-2840000.0,1500000000.0,1497160000.0,1000.0
2023-01-05T00:00:00,TCH,7.18,7.02,7.11,7.09755,7.11,7.1,2095400.0,2095400.0,0.0,14872206270.0,0.0,240100.0,1706570000.0,3600.0,25470000.0,1937.0,4305039.0,1559.0,6093674.0,1.3907597856588128,322855940.0,-2844000.0,0.0,-2844000.0,1000.0
2023-01-06T00:00:00,TCH,7.2,6.96,7.14,7.08406,6.96,7.11,3148300.0,3148300.0,0.0,22302746098.0,0.0,85400.0,604750000.0,101600.0,719910000.0,1949.0,5497045.0,1721.0,7343815.0,1.3907597856588128,322770540.0,-2832000.0,0.0,-2832000.0,1000.0
2023-01-09T00:00:00,TCH,7.09,6.95,7.09,7.01097,6.95,6.96,1747200.0,1747200.0,0.0,12249566784.0,0.0,119700.0,839780000.0,107400.0,755320000.0,1385.0,2918223.0,1279.0,5076953.0,1.3907597856588128,322650840.0,0.0,0.0,0.0,1000.0
2023-01-10T00:00:00,TCH,7.19,6.81,7.0,6.99578,7.06,6.95,2778300.0,2728300.0,50000.0,19436586574.0,350000000.0,226400.0,1584190000.0,75800.0,525990000.0,1916.0,6469220.0,1724.0,7003522.0,1.3907597856588128,322428040.0,0.0,0.0,0.0,1000.0
2023-01-11T00:00:00,TCH,7.25,7.06,7.2,7.16809,7.13,7.06,3467800.0,3417800.0,50000.0,24876598002.0,377500000.0,139700.0,1002380000.0,5700.0,40650000.0,1745.0,7183064.0,2286.0,8795277.0,1.3907597856588128,322389940.0,-2852000.0,0.0,-2852000.0,1000.0
2023-01-12T00:00:00,TCH,7.16,7.02,7.11,7.08314,7.04,7.13,1979700.0,1979700.0,0.0,14022492258.0,0.0,181300.0,1285440000.0,3400.0,24140000.0,1866.0,4397891.0,1184.0,5481594.0,1.3907597856588128,322316040.0,-2816000.0,0.0,-2816000.0,1000.0
2023-01-13T00:00:00,TCH,7.19,7.0,7.11,7.095899999999999,7.06,7.04,3071100.0,3071100.0,0.0,21792218490.0,0.0,223800.0,1587410000.0,65110.0,461540000.0,1980.0,6067825.0,1749.0,7317731.0,1.3907597856588128,322168040.0,-2824000.0,0.0,-2824000.0,1000.0
2023-01-16T00:00:00,TCH,7.15,7.0,7.06,7.02754,7.0,7.06,2058800.0,2058800.0,0.0,14468299352.0,0.0,55800.0,392400000.0,479512.0,3371100000.0,1472.0,3958190.0,1146.0,4977460.0,1.3907597856588128,322117940.0,-2812000.0,0.0,-2812000.0,1000.0
2023-01-17T00:00:00,TCH,7.4,7.04,7.09,7.22065,7.37,7.0,5522900.0,5522900.0,0.0,39878927885.0,0.0,389300.0,2791020000.0,200.0,1470000.0,2489.0,10448332.0,2676.0,11470474.0,1.3907597856588128,321732040.0,0.0,0.0,0.0,1000.0
2023-01-18T00:00:00,TCH,7.59,7.3,7.4,7.47192,7.54,7.37,4351900.0,4351900.0,0.0,32517048648.0,0.0,303100.0,2270370000.0,1100.0,8140000.0,2110.0,9857295.0,2721.0,9075141.0,1.3907597856588128,321494050.0,0.0,0.0,0.0,1000.0
2023-01-19T00:00:00,TCH,7.59,7.4,7.53,7.51262,7.52,7.54,4388800.0,4388800.0,0.0,32971386656.0,0.0,381300.0,2868260000.0,8900.0,66540000.0,2947.0,9617944.0,2042.0,9997743.0,1.3907597856588128,321592262.0,0.0,0.0,0.0,1000.0
2023-01-27T00:00:00,TCH,7.69,7.51,7.65,7.6001199999999995,7.57,7.52,3775100.0,3775100.0,0.0,28691213012.0,0.0,507200.0,3852920000.0,200.0,1530000.0,2168.0,6282058.0,2169.0,7536586.0,1.3907597856588128,321085262.0,0.0,0.0,0.0,1000.0
2023-01-30T00:00:00,TCH,7.92,7.55,7.67,7.8219899999999996,7.83,7.57,8089900.0,8089900.0,0.0,63279116901.0,0.0,107500.0,841480000.0,20000.0,152980000.0,3251.0,14056863.0,3561.0,16508550.0,1.3907597856588128,320978862.0,0.0,0.0,0.0,1000.0
2023-01-31T00:00:00,TCH,7.9,7.55,7.83,7.75429,7.78,7.83,6056100.0,5706100.0,350000.0,47011754169.0,2765000000.0,166500.0,1299700000.0,45200.0,347550000.0,3600.0,9170122.0,2652.0,13986970.0,1.3907597856588128,320821262.0,0.0,0.0,0.0,1000.0
2023-02-01T00:00:00,TCH,8.03,7.58,7.79,7.8408500000000005,7.6,7.78,10238100.0,10238100.0,0.0,80275406385.0,0.0,358500.0,2823700000.0,56310.0,442140000.0,4081.0,16540293.0,3614.0,18866007.0,1.3907597856588128,320464962.0,0.0,0.0,0.0,1000.0
2023-02-02T00:00:00,TCH,7.7,7.25,7.7,7.42158,7.3,7.6,4716400.0,4366400.0,350000.0,35170586912.0,2765000000.0,53600.0,409510000.0,273400.0,2033200000.0,3262.0,9240804.0,1998.0,13983518.0,1.3907597856588128,320431362.0,32726000.0,0.0,32726000.0,1000.0
2023-02-03T00:00:00,TCH,7.44,7.22,7.35,7.31987,7.35,7.3,3642200.0,3642200.0,0.0,26660430514.0,0.0,140020.0,1025780000.0,35900.0,264750000.0,2194.0,9556467.0,1594.0,14122637.0,1.3907597856588128,320336542.0,0.0,0.0,0.0,1000.0
2023-02-06T00:00:00,TCH,7.74,7.35,7.38,7.62797,7.69,7.35,6605300.0,6605300.0,0.0,50385030241.0,0.0,174400.0,1335280000.0,29800.0,227960000.0,3077.0,14070069.0,3085.0,18978421.0,1.3907597856588128,320218452.0,-3076000.0,0.0,-3076000.0,1000.0
2023-02-07T00:00:00,TCH,7.85,7.41,7.69,7.6613299999999995,7.47,7.69,5334600.0,5334600.0,0.0,40870131018.0,0.0,154500.0,1177980000.0,58200.0,445230000.0,2858.0,11948441.0,2943.0,21478150.0,1.3907597856588128,320337352.0,-2988000.0,0.0,-2988000.0,1000.0
2023-02-08T00:00:00,TCH,7.56,7.24,7.55,7.39862,7.42,7.47,3725700.0,3725700.0,0.0,27565038534.0,0.0,27700.0,207750000.0,121500.0,897750000.0,2516.0,9263282.0,1681.0,13273866.0,1.3907597856588128,320345552.0,-2968000.0,0.0,-2968000.0,1000.0
2023-02-09T00:00:00,TCH,7.63,7.4,7.4,7.49315,7.46,7.42,2464600.0,2464600.0,0.0,18467617490.0,0.0,314300.0,2345650000.0,0.0,0.0,1775.0,6245662.0,1631.0,6282702.0,1.3907597856588128,320061052.0,-2984000.0,0.0,-2984000.0,1000.0
2023-02-10T00:00:00,TCH,7.48,7.28,7.46,7.3532399999999996,7.28,7.46,3021700.0,3021700.0,0.0,22219285308.0,0.0,44700.0,325480000.0,120200.0,890020000.0,2107.0,6983339.0,1200.0,5814414.0,1.3907597856588128,320074552.0,507920000.0,0.0,507920000.0,1000.0
2023-02-13T00:00:00,TCH,7.23,6.85,7.2,7.00324,7.0,7.28,6285700.0,6285700.0,0.0,44020265668.0,0.0,61400.0,430450000.0,136900.0,969860000.0,3486.0,11602908.0,1749.0,18329136.0,1.3907597856588128,320134652.0,2099000.0,0.0,2099000.0,1000.0
2023-02-14T00:00:00,TCH,7.14,6.98,7.1,7.0198599999999995,7.0,7.0,1473400.0,1473400.0,0.0,10343061724.0,0.0,125700.0,881420000.0,45200.0,317010000.0,1360.0,3808900.0,947.0,3460812.0,1.3907597856588128,320008952.0,0.0,0.0,0.0,1000.0
2023-02-15T00:00:00,TCH,7.3,6.9,7.0,7.15729,7.2,7.0,1994500.0,1994500.0,0.0,14275214905.0,0.0,115000.0,823540000.0,10300.0,73940000.0,1441.0,6174032.0,1493.0,7689750.0,1.3907597856588128,320014152.0,0.0,0.0,0.0,1000.0
2023-02-16T00:00:00,TCH,7.27,7.07,7.25,7.2029700000000005,7.2,7.2,2108800.0,2108800.0,0.0,15189623136.0,0.0,57700.0,416850000.0,3700.0,26770000.0,1631.0,5962832.0,1283.0,8930965.0,1.3907597856588128,320097352.0,0.0,0.0,0.0,1000.0
2023-02-17T00:00:00,TCH,7.37,7.2,7.2,7.27896,7.26,7.2,3389100.0,3389100.0,0.0,24669123336.0,0.0,255100.0,1855880000.0,8900.0,64520000.0,2115.0,8912224.0,1863.0,10663378.0,1.3907597856588128,319887452.0,-1452000.0,0.0,-1452000.0,1000.0
2023-02-20T00:00:00,TCH,7.76,7.26,7.26,7.64614,7.76,7.26,7664300.0,7664300.0,0.0,58602310802.0,0.0,85000.0,644810000.0,7000.0,53340000.0,2820.0,20523537.0,2260.0,9566021.0,1.3907597856588128,319812752.0,0.0,0.0,0.0,1000.0
2023-02-21T00:00:00,TCH,8.14,7.8,8.01,7.972689999999999,7.9,7.76,14367200.0,14367200.0,0.0,114545231768.0,0.0,269400.0,2149050000.0,99900.0,787140000.0,5411.0,23818652.0,5845.0,27686531.0,1.3907597856588128,319547052.0,0.0,0.0,0.0,1000.0
2023-02-22T00:00:00,TCH,8.0,7.64,7.75,7.79185,7.7,7.9,9313600.0,9313600.0,0.0,72570174160.0,0.0,319200.0,2482460000.0,107500.0,836080000.0,5750.0,18441661.0,3542.0,20900686.0,1.3907597856588128,319236752.0,3116000.0,0.0,3116000.0,1000.0
2023-02-23T00:00:00,TCH,7.7,7.22,7.7,7.40816,7.5,7.7,7414100.0,7414100.0,0.0,54924839056.0,0.0,15400.0,116840000.0,112270.0,841820000.0,4636.0,12748447.0,2560.0,23059727.0,1.3907597856588128,319228352.0,0.0,0.0,0.0,1000.0
2023-02-24T00:00:00,TCH,7.67,7.27,7.54,7.4376999999999995,7.32,7.5,4189700.0,4189700.0,0.0,31161731690.0,0.0,130200.0,974640000.0,73000.0,537620000.0,3156.0,8852116.0,2441.0,12865735.0,1.3907597856588128,319198052.0,0.0,0.0,0.0,1000.0
2023-02-27T00:00:00,TCH,7.19,7.0,7.15,7.09286,7.0,7.32,5660200.0,5660200.0,0.0,40147006172.0,0.0,8100.0,57630000.0,161600.0,1151360000.0,3553.0,10009391.0,1728.0,13362471.0,1.3907597856588128,319297452.0,-114000.0,0.0,-114000.0,1000.0
2023-02-28T00:00:00,TCH,7.18,6.97,7.1,7.03885,6.99,7.0,5959500.0,5959500.0,0.0,41948026575.0,0.0,164010.0,1153960000.0,92400.0,654790000.0,3669.0,11245674.0,1818.0,12471039.0,1.3907597856588128,319245712.0,0.0,0.0,0.0,1000.0
2023-03-01T00:00:00,TCH,7.17,6.9,6.95,7.03349,7.17,6.99,3548500.0,3548500.0,0.0,24958339265.0,0.0,228200.0,1610870000.0,21000.0,147680000.0,2513.0,8604784.0,1414.0,9475722.0,1.3907597856588128,319090512.0,0.0,0.0,0.0,1000.0
2023-03-02T00:00:00,TCH,7.25,7.08,7.2,7.1591499999999995,7.14,7.17,2448400.0,2448400.0,0.0,17528462860.0,0.0,60800.0,434490000.0,64100.0,457720000.0,1607.0,4817923.0,1500.0,9209182.0,1.3907597856588128,319191312.0,0.0,0.0,0.0,1000.0
2023-03-03T00:00:00,TCH,7.19,7.04,7.19,7.0955,7.04,7.14,2105300.0,2105300.0,0.0,14938156150.0,0.0,79100.0,558180000.0,21200.0,150460000.0,1650.0,4922539.0,1256.0,6271745.0,1.3907597856588128,319204612.0,-34016000.0,0.0,-34016000.0,1000.0
2023-03-06T00:00:00,TCH,7.48,7.15,7.25,7.31084,7.18,7.04,4253600.0,4253600.0,0.0,31097389024.0,0.0,46600.0,338620000.0,3300.0,24170000.0,1906.0,9336027.0,2396.0,10711969.0,1.3907597856588128,319179012.0,-1099000.0,0.0,-1099000.0,1000.0
2023-03-07T00:00:00,TCH,7.28,7.1,7.2,7.152810000000001,7.12,7.18,1935700.0,1935700.0,0.0,13845694317.0,0.0,45000.0,322280000.0,83100.0,597880000.0,1916.0,4623595.0,1398.0,9301969.0,1.3907597856588128,319198112.0,0.0,0.0,0.0,1000.0
2023-03-08T00:00:00,TCH,7.22,7.04,7.05,7.1346099999999995,7.2,7.12,3061300.0,3061300.0,0.0,21841181593.0,0.0,35300.0,252590000.0,1200.0,8480000.0,1750.0,7452857.0,1305.0,10598757.0,1.3907597856588128,319184012.0,-3546000.0,0.0,-3546000.0,1000.0
2023-03-09T00:00:00,TCH,7.38,7.21,7.21,7.27753,7.24,7.2,3154300.0,3154300.0,0.0,22955512879.0,0.0,16900.0,122830000.0,3000.0,21830000.0,1312.0,7359568.0,2159.0,8955713.0,1.3907597856588128,319170412.0,728000.0,0.0,728000.0,1000.0
2023-03-10T00:00:00,TCH,7.22,7.08,7.13,7.14236,7.09,7.24,3971000.0,3971000.0,0.0,28362311560.0,0.0,6300.0,44940000.0,31056.0,221640000.0,2274.0,8346832.0,1184.0,13869317.0,1.3907597856588128,319247212.0,0.0,0.0,0.0,1000.0
2023-03-13T00:00:00,TCH,7.19,7.0,7.0,7.08767,7.05,7.09,2991300.0,2991300.0,0.0,21201347271.0,0.0,12500.0,88640000.0,5441.0,38570000.0,2132.0,6483025.0,1313.0,8671855.0,1.3907597856588128,319235912.0,710000000.0,0.0,710000000.0,1000.0
2023-03-14T00:00:00,TCH,7.1,6.9,7.06,6.97678,6.93,7.05,3721200.0,3721200.0,0.0,25961993736.0,0.0,26700.0,186380000.0,217744.0,1506700000.0,3009.0,7196958.0,1514.0,19586174.0,1.3907597856588128,319212212.0,-22560000.0,0.0,-22560000.0,1000.0
2023-03-15T00:00:00,TCH,7.21,7.05,7.11,7.1523699999999995,7.19,6.93,3467100.0,3467100.0,0.0,24797982027.0,0.0,102500.0,736050000.0,4600.0,33060000.0,1429.0,7677942.0,1946.0,11059727.0,1.3907597856588128,319140768.0,0.0,0.0,0.0,1000.0
2023-03-16T00:00:00,TCH,7.14,7.0,7.13,7.056100000000001,7.05,7.19,4254300.0,4254300.0,0.0,30018766230.0,0.0,38100.0,270370000.0,759000.0,5345560000.0,2369.0,7684076.0,1510.0,27016224.0,1.3907597856588128,319108109.0,0.0,0.0,0.0,1000.0
2023-03-17T00:00:00,TCH,7.15,7.01,7.12,7.03932,7.03,7.05,5571800.0,4571800.0,1000000.0,39212363176.0,7030000000.0,3348600.0,23540750000.0,4215300.0,29635000000.0,1674.0,8342008.0,1370.0,10940244.0,1.3907597856588128,316977253.0,0.0,0.0,0.0,1000.0
2023-03-20T00:00:00,TCH,7.25,7.05,7.07,7.13562,7.08,7.03,3998500.0,3998500.0,0.0,28531776570.0,0.0,46421.0,329820000.0,42500.0,304430000.0,1499.0,7615765.0,2464.0,16094602.0,1.3907597856588128,316935432.0,0.0,0.0,0.0,1000.0
2023-03-21T00:00:00,TCH,7.16,7.03,7.11,7.09619,7.16,7.08,2327900.0,2327900.0,0.0,16519220701.0,0.0,97821.0,694300000.0,79000.0,558660000.0,1237.0,5189786.0,1406.0,6271183.0,1.3907597856588128,317596611.0,1519368000.0,0.0,1519368000.0,1000.0
2023-03-22T00:00:00,TCH,7.32,7.16,7.19,7.239109999999999,7.2,7.16,4793000.0,4793000.0,0.0,34697054230.0,0.0,81421.0,589690000.0,20000.0,145000000.0,1428.0,15266343.0,2910.0,21046280.0,1.3907597856588128,320730490.0,0.0,0.0,0.0,1000.0
2023-03-23T00:00:00,TCH,7.29,7.12,7.15,7.204890000000001,7.29,7.2,2376300.0,2376300.0,0.0,17120980107.0,0.0,139321.0,1004630000.0,0.0,0.0,1201.0,7123579.0,1246.0,10750865.0,1.3907597856588128,320633669.0,-718000.0,0.0,-718000.0,1000.0
2023-03-24T00:00:00,TCH,7.4,7.27,7.3,7.32479,7.34,7.29,3513500.0,3513500.0,0.0,25735649665.0,0.0,34421.0,253460000.0,17903.0,131650000.0,1622.0,8089344.0,2585.0,19877744.0,1.3907597856588128,320678248.0,0.0,0.0,0.0,1000.0
2023-03-27T00:00:00,TCH,7.37,7.11,7.11,7.28011,7.3,7.34,4783900.0,4783900.0,0.0,34827318229.0,0.0,76421.0,555790000.0,852200.0,6202580000.0,2691.0,11808877.0,1899.0,14501721.0,1.3907597856588128,320621827.0,0.0,0.0,0.0,1000.0
2023-03-28T00:00:00,TCH,7.49,7.35,7.37,7.42007,7.39,7.3,6073300.0,5993300.0,80000.0,45095505531.0,624800000.0,98121.0,729280000.0,0.0,0.0,1602.0,10420277.0,2748.0,20066209.0,1.3907597856588128,320523706.0,0.0,0.0,0.0,1000.0
2023-03-29T00:00:00,TCH,7.44,7.26,7.4,7.331180000000001,7.39,7.39,3699000.0,3699000.0,0.0,27118034820.0,0.0,12424.0,91690000.0,220400.0,1620010000.0,1889.0,7376592.0,1457.0,8244952.0,1.3907597856588128,320529185.0,0.0,0.0,0.0,1000.0
2023-03-30T00:00:00,TCH,7.54,7.37,7.43,7.43031,7.4,7.39,7212300.0,7212300.0,0.0,53589624813.0,0.0,16900.0,125910000.0,3000.0,22350000.0,2690.0,13030615.0,3029.0,51656962.0,1.3907597856588128,321364485.0,-119625000.0,0.0,-119625000.0,1000.0
2023-03-31T00:00:00,TCH,7.42,7.34,7.42,7.38984,7.37,7.4,2548100.0,2548100.0,0.0,18830051304.0,0.0,149800.0,1109800000.0,6428.0,47590000.0,1434.0,5113206.0,1565.0,12953853.0,1.3907597856588128,321214685.0,-737000.0,0.0,-737000.0,1000.0
2023-04-03T00:00:00,TCH,7.74,7.47,7.55,7.59396,7.61,7.37,8672840.0,8547400.0,125440.0,65849413704.0,940800000.0,199200.0,1517170000.0,36400.0,276790000.0,3245.0,15430655.0,3430.0,17510403.0,1.3907597856588128,321235885.0,-76100000.0,0.0,-76100000.0,1000.0
2023-04-04T00:00:00,TCH,7.7,7.59,7.7,7.63764,7.65,7.61,5597600.0,5597600.0,0.0,42752453664.0,0.0,292200.0,2231570000.0,62100.0,474240000.0,3095.0,13691725.0,2913.0,17981150.0,1.3907597856588128,320946685.0,0.0,0.0,0.0,1000.0
2023-04-05T00:00:00,TCH,7.75,7.59,7.65,7.67697,7.71,7.65,5296900.0,5296900.0,0.0,40664142393.0,0.0,217200.0,1668140000.0,1600.0,12330000.0,2520.0,9470200.0,2720.0,14232943.0,1.3907597856588128,320735913.0,-12333000.0,0.0,-12333000.0,1000.0
2023-04-06T00:00:00,TCH,8.24,7.79,7.8,8.12253,7.85,7.71,20882800.0,20882800.0,0.0,169621169484.0,0.0,283900.0,2308020000.0,440300.0,3619790000.0,5924.0,34020356.0,6313.0,46965540.0,1.3907597856588128,320488413.0,-123216000.0,0.0,-123216000.0,1000.0
2023-04-07T00:00:00,TCH,7.95,7.76,7.91,7.86176,7.94,7.85,7756000.0,7756000.0,0.0,60975810560.0,0.0,226100.0,1780680000.0,24310.0,191610000.0,3789.0,14813282.0,3078.0,31557222.0,1.3907597856588128,320324413.0,-3172000.0,0.0,-3172000.0,1000.0
2023-04-10T00:00:00,TCH,8.1,7.75,8.1,7.88741,7.76,7.94,8599400.0,8599400.0,0.0,67826993554.0,0.0,6100.0,48810000.0,210000.0,1656370000.0,3584.0,13441621.0,3076.0,34010939.0,1.3907597856588128,320319913.0,0.0,0.0,0.0,1000.0
2023-04-11T00:00:00,TCH,7.77,7.51,7.77,7.65262,7.75,7.76,6353900.0,6353900.0,0.0,48623982218.0,0.0,29000.0,222000000.0,62800.0,480390000.0,3634.0,11922197.0,2073.0,19088871.0,1.3907597856588128,320731213.0,0.0,0.0,0.0,1000.0
2023-04-12T00:00:00,TCH,7.83,7.67,7.82,7.7496,7.72,7.75,6632300.0,6632300.0,0.0,51397672080.0,0.0,0.0,0.0,90400.0,696500000.0,2661.0,12533847.0,2418.0,29461267.0,1.3907597856588128,320755523.0,0.0,0.0,0.0,1000.0
2023-04-13T00:00:00,TCH,7.8,7.65,7.74,7.70195,7.65,7.72,3818100.0,3818100.0,0.0,29406815295.0,0.0,0.0,0.0,114400.0,879660000.0,2396.0,8339569.0,1714.0,25495198.0,1.3907597856588128,320965623.0,0.0,0.0,0.0,1000.0
2023-04-14T00:00:00,TCH,7.71,7.36,7.71,7.52454,7.36,7.65,7412800.0,7412800.0,0.0,55777910112.0,0.0,66100.0,489390000.0,482700.0,3666000000.0,3365.0,13030424.0,1781.0,28909235.0,1.3907597856588128,320962323.0,0.0,0.0,0.0,1000.0
2023-04-17T00:00:00,TCH,7.43,7.36,7.36,7.38856,7.37,7.36,2765900.0,2765900.0,0.0,20436018104.0,0.0,53000.0,392790000.0,8000.0,59130000.0,1713.0,6571083.0,1180.0,5666469.0,1.3907597856588128,320999723.0,0.0,0.0,0.0,1000.0
2023-04-18T00:00:00,TCH,7.44,7.31,7.4,7.36522,7.4,7.37,3781454.0,3726400.0,55054.0,27879581328.0,433825520.0,200.0,1470000.0,136500.0,1003510000.0,2499.0,8345212.0,1587.0,19896092.0,1.3907597856588128,321113923.0,0.0,0.0,0.0,1000.0
2023-04-19T00:00:00,TCH,7.48,7.28,7.4,7.38621,7.32,7.4,3157000.0,3157000.0,0.0,23318264970.0,0.0,0.0,0.0,167400.0,1235960000.0,1953.0,6608830.0,1637.0,14887215.0,1.3907597856588128,321596623.0,0.0,0.0,0.0,1000.0
2023-04-20T00:00:00,TCH,7.4,7.31,7.32,7.34876,7.37,7.32,3134900.0,3134900.0,0.0,23037627724.0,0.0,2200.0,16210000.0,128300.0,940810000.0,1809.0,6938107.0,1301.0,20528156.0,1.3907597856588128,321602423.0,0.0,0.0,0.0,1000.0
2023-04-21T00:00:00,TCH,7.46,7.31,7.4,7.38626,7.36,7.37,2957700.0,2957700.0,0.0,21846341202.0,0.0,0.0,0.0,261700.0,1932500000.0,1576.0,7160650.0,1649.0,24363835.0,1.3907597856588128,321738923.0,0.0,0.0,0.0,1000.0
2023-04-24T00:00:00,TCH,7.54,7.34,7.35,7.42264,7.41,7.36,3239400.0,3239400.0,0.0,24044900016.0,0.0,100.0,740000.0,147329.0,1088640000.0,1531.0,6366925.0,1771.0,15209387.0,1.3907597856588128,321906223.0,0.0,0.0,0.0,1000.0
2023-04-25T00:00:00,TCH,7.48,7.37,7.48,7.42336,7.39,7.41,2495600.0,2495600.0,0.0,18525737216.0,0.0,0.0,0.0,194000.0,1442070000.0,1213.0,4512160.0,1777.0,25050279.0,1.3907597856588128,322034523.0,0.0,0.0,0.0,1000.0
2023-04-26T00:00:00,TCH,7.42,7.35,7.36,7.38152,7.42,7.39,2761400.0,2761400.0,0.0,20383329328.0,0.0,109800.0,811300000.0,224800.0,1658660000.0,1540.0,5381675.0,1253.0,18035058.0,1.3907597856588128,322186423.0,0.0,0.0,0.0,1000.0
2023-04-27T00:00:00,TCH,7.7,7.45,7.46,7.5562700000000005,7.62,7.42,4132500.0,4132500.0,0.0,31226285775.0,0.0,113200.0,851310000.0,169000.0,1273390000.0,1719.0,8466484.0,3183.0,9480511.0,1.3907597856588128,322220552.0,-1252000.0,0.0,-1252000.0,1000.0
2023-04-28T00:00:00,TCH,7.85,7.63,7.65,7.78655,7.84,7.62,9542700.0,9542700.0,0.0,74304710685.0,0.0,131700.0,1026140000.0,21000.0,161840000.0,2320.0,14797549.0,3858.0,33431127.0,1.3907597856588128,322282852.0,-156000000.0,0.0,-156000000.0,1000.0
2023-05-04T00:00:00,TCH,8.09,7.9,7.94,7.993720000000001,7.95,7.84,9013100.0,9013100.0,0.0,72048197732.0,0.0,138200.0,1107310000.0,64627.0,516410000.0,3083.0,13400731.0,4446.0,20375186.0,1.3907597856588128,322369452.0,0.0,0.0,0.0,1000.0
2023-05-05T00:00:00,TCH,7.99,7.81,7.98,7.873060000000001,7.83,7.95,5940300.0,5940300.0,0.0,46768338318.0,0.0,58500.0,460500000.0,137900.0,1084640000.0,2915.0,10658392.0,2837.0,24147273.0,1.3907597856588128,322479952.0,0.0,0.0,0.0,1000.0
2023-05-08T00:00:00,TCH,8.15,7.87,7.89,8.06329,8.15,7.83,11358800.0,11358800.0,0.0,91589298452.0,0.0,316400.0,2549500000.0,5230.0,42530000.0,2808.0,17577584.0,4407.0,26620038.0,1.3907597856588128,322184552.0,-242700000.0,0.0,-242700000.0,1000.0
2023-05-09T00:00:00,TCH,8.28,7.99,8.2,8.09565,8.04,8.15,8600600.0,8600600.0,0.0,69627447390.0,0.0,800.0,6500000.0,231400.0,1872720000.0,3671.0,14486612.0,4518.0,26646319.0,1.3907597856588128,322248379.0,0.0,0.0,0.0,1000.0
2023-05-10T00:00:00,TCH,8.35,8.05,8.05,8.24324,8.26,8.04,9546400.0,9546400.0,0.0,78693266336.0,0.0,400900.0,3311390000.0,24160.0,197750000.0,3188.0,17075963.0,4191.0,25468585.0,1.3907597856588128,321985379.0,-248600000.0,0.0,-248600000.0,1000.0
2023-05-11T00:00:00,TCH,8.43,8.22,8.35,8.30147,8.22,8.26,7761100.0,7761100.0,0.0,64428538817.0,0.0,12000.0,99780000.0,16516.0,137050000.0,2702.0,11788930.0,3669.0,21973562.0,1.3907597856588128,321978609.0,0.0,0.0,0.0,1000.0
2023-05-12T00:00:00,TCH,8.25,8.13,8.22,8.19676,8.24,8.22,7078100.0,7078100.0,0.0,58017486956.0,0.0,275200.0,2256800000.0,7667.0,63010000.0,3206.0,12513721.0,2392.0,22102911.0,1.3907597856588128,321934809.0,0.0,0.0,0.0,1000.0
2023-05-15T00:00:00,TCH,8.33,8.08,8.3,8.246540000000001,8.1,8.24,6945600.0,6945600.0,0.0,57277168224.0,0.0,122300.0,1012790000.0,17825.0,146530000.0,3027.0,10652905.0,2572.0,14700430.0,1.3907597856588128,321836669.0,0.0,0.0,0.0,1000.0
2023-05-16T00:00:00,TCH,8.24,8.06,8.1,8.14591,8.11,8.1,7458300.0,7458300.0,0.0,60754640553.0,0.0,3400.0,27590000.0,2000.0,16400000.0,2586.0,11327617.0,2266.0,36062696.0,1.3907597856588128,321849785.0,0.0,0.0,0.0,1000.0
2023-05-17T00:00:00,TCH,8.67,8.12,8.12,8.533040000000002,8.66,8.11,24643100.0,24643100.0,0.0,210280558024.0,0.0,280900.0,2409570000.0,8050.0,67960000.0,4944.0,38254798.0,6219.0,32794307.0,1.3907597856588128,321576552.0,0.0,0.0,0.0,1000.0
2023-05-18T00:00:00,TCH,8.78,8.5,8.7,8.61943,8.5,8.66,7985000.0,7985000.0,0.0,68826148550.0,0.0,37400.0,319240000.0,375100.0,3225030000.0,2844.0,12711781.0,3409.0,26184641.0,1.3907597856588128,321556977.0,0.0,0.0,0.0,1000.0
2023-05-19T00:00:00,TCH,8.59,8.21,8.59,8.3913,8.4,8.5,9551700.0,9551700.0,0.0,80151180210.0,0.0,3400.0,28570000.0,461420.0,3868140000.0,3807.0,15841927.0,2651.0,32069020.0,1.3907597856588128,321555577.0,0.0,0.0,0.0,1000.0
2023-05-22T00:00:00,TCH,8.66,8.41,8.45,8.541649999999999,8.64,8.4,6898000.0,6898000.0,0.0,58920301700.0,0.0,1000.0,8470000.0,1230.0,10580000.0,2810.0,12593727.0,2439.0,13533787.0,1.3907597856588128,321562627.0,0.0,0.0,0.0,1000.0
2023-05-23T00:00:00,TCH,8.74,8.51,8.69,8.60597,8.54,8.64,5214600.0,5214600.0,0.0,44876691162.0,0.0,54300.0,469720000.0,97320.0,833500000.0,2562.0,9700197.0,2446.0,25885250.0,1.3907597856588128,321883427.0,0.0,0.0,0.0,1000.0
2023-05-24T00:00:00,TCH,8.69,8.52,8.6,8.60941,8.57,8.54,7021100.0,6721100.0,300000.0,60249705551.0,2385000000.0,40000.0,341600000.0,5700.0,48740000.0,2137.0,11263935.0,2372.0,41769875.0,1.3907597856588128,322304847.0,0.0,0.0,0.0,1000.0
2023-05-25T00:00:00,TCH,8.58,8.44,8.55,8.49979,8.49,8.57,6470200.0,6470200.0,0.0,54995341258.0,0.0,80800.0,689240000.0,0.0,0.0,2940.0,11107611.0,1658.0,15114509.0,1.3907597856588128,322225277.0,0.0,0.0,0.0,1000.0
2023-05-26T00:00:00,TCH,8.86,8.49,8.54,8.750309999999999,8.8,8.49,9487000.0,9487000.0,0.0,83014190970.0,0.0,484400.0,4250310000.0,52320.0,460410000.0,2991.0,17054810.0,3968.0,26386872.0,1.3907597856588128,321838197.0,0.0,0.0,0.0,1000.0
2023-05-29T00:00:00,TCH,9.1,8.88,8.9,9.01811,8.98,8.8,6349600.0,6349600.0,0.0,57261391256.0,0.0,59900.0,541860000.0,27771.0,251240000.0,2596.0,11853609.0,3663.0,27080009.0,1.3907597856588128,321783997.0,0.0,0.0,0.0,1000.0
2023-05-30T00:00:00,TCH,9.02,8.76,9.0,8.866389999999999,8.9,8.98,9110100.0,9110100.0,0.0,80773699539.0,0.0,13700.0,120670000.0,352700.0,3121060000.0,4011.0,14630750.0,2614.0,20128860.0,1.3907597856588128,321770297.0,447090000.0,0.0,447090000.0,1000.0
2023-05-31T00:00:00,TCH,9.29,8.81,8.93,9.07662,9.15,8.9,10824800.0,10824800.0,0.0,98252596176.0,0.0,59500.0,539500000.0,10.0,90000.0,3532.0,19001775.0,3665.0,31448991.0,1.3907597856588128,321763117.0,-888000.0,0.0,-888000.0,1000.0
2023-06-01T00:00:00,TCH,9.24,9.0,9.16,9.0809,9.02,9.15,6713400.0,6713400.0,0.0,60963714060.0,0.0,11700.0,107080000.0,192900.0,1753880000.0,3161.0,12470067.0,2369.0,26322413.0,1.3907597856588128,321779188.0,0.0,0.0,0.0,1000.0
2023-06-02T00:00:00,TCH,9.15,8.8,9.15,8.92413,8.81,9.02,13527000.0,13527000.0,0.0,120716706510.0,0.0,4300.0,38270000.0,388800.0,3471770000.0,5368.0,19599553.0,2784.0,53335071.0,1.3907597856588128,322127588.0,0.0,0.0,0.0,1000.0
2023-06-05T00:00:00,TCH,8.96,8.81,8.9,8.875530000000001,8.85,8.81,5888700.0,5888700.0,0.0,52265333511.0,0.0,85500.0,758350000.0,100000.0,885400000.0,2820.0,10853504.0,1892.0,11894728.0,1.3907597856588128,322042098.0,0.0,0.0,0.0,1000.0
2023-06-06T00:00:00,TCH,9.06,8.81,8.89,8.95759,9.02,8.85,6284400.0,6284400.0,0.0,56293078596.0,0.0,272200.0,2439050000.0,36600.0,330100000.0,3004.0,12599312.0,2697.0,25743469.0,1.3907597856588128,321962798.0,0.0,0.0,0.0,1000.0
2023-06-07T00:00:00,TCH,9.32,9.03,9.09,9.18033,9.18,9.02,7186400.0,7186400.0,0.0,65973523512.0,0.0,34500.0,315310000.0,85200.0,781380000.0,2692.0,12164709.0,3733.0,27825939.0,1.3907597856588128,322317098.0,0.0,0.0,0.0,1000.0
2023-06-08T00:00:00,TCH,9.39,9.02,9.28,9.20459,9.02,9.18,10550100.0,10550100.0,0.0,97109344959.0,0.0,137100.0,1266690000.0,112854.0,1039120000.0,3603.0,16677695.0,3787.0,36726674.0,1.3907597856588128,322279998.0,1538590000.0,0.0,1538590000.0,1000.0
2023-06-09T00:00:00,TCH,9.07,8.85,9.04,8.96022,8.98,9.02,6098500.0,6098500.0,0.0,54643901670.0,0.0,7900.0,70740000.0,17500.0,157060000.0,3264.0,10867248.0,1922.0,15523005.0,1.3907597856588128,322308698.0,319093000.0,0.0,319093000.0,1000.0
2023-06-12T00:00:00,TCH,9.08,8.88,9.0,8.95536,8.95,8.98,4459300.0,4277300.0,182000.0,39942761328.0,1638000000.0,200.0,1800000.0,230800.0,2063990000.0,2432.0,8166668.0,1668.0,13796052.0,1.3907597856588128,322393698.0,-1481110000.0,0.0,-1481110000.0,1000.0
2023-06-13T00:00:00,TCH,9.13,8.97,8.99,9.03893,9.07,8.95,6574300.0,6574300.0,0.0,59424637499.0,0.0,233500.0,2116210000.0,1300.0,11740000.0,2225.0,12600001.0,2382.0,17528411.0,1.3907597856588128,322273052.0,-292912000.0,0.0,-292912000.0,1000.0
2023-06-14T00:00:00,TCH,9.16,8.95,9.1,9.03925,8.95,9.07,4729200.0,4729200.0,0.0,42748421100.0,0.0,150500.0,1363610000.0,83300.0,750290000.0,2191.0,9459392.0,2160.0,15695446.0,1.3907597856588128,322140052.0,36048000.0,0.0,36048000.0,1000.0
2023-06-15T00:00:00,TCH,8.96,8.8,8.86,8.85234,8.81,8.95,5782800.0,5782800.0,0.0,51191311752.0,0.0,15900.0,141120000.0,300500.0,2657920000.0,3140.0,8970884.0,1531.0,15840634.0,1.3907597856588128,322354952.0,111853000.0,0.0,111853000.0,1000.0
2023-06-16T00:00:00,TCH,9.0,8.71,8.93,8.85159,8.71,8.81,6030200.0,6030200.0,0.0,53376858018.0,0.0,109080.0,963380000.0,704400.0,6137510000.0,2498.0,11176792.0,1802.0,14299313.0,1.3907597856588128,322247172.0,0.0,0.0,0.0,1000.0
2023-06-19T00:00:00,TCH,8.8,8.65,8.73,8.71026,8.66,8.71,4261200.0,4261200.0,0.0,37116159912.0,0.0,2720.0,23670000.0,265302.0,2313230000.0,2494.0,8018438.0,2042.0,9180404.0,1.3907597856588128,322327752.0,435000000.0,0.0,435000000.0,1000.0
2023-06-20T00:00:00,TCH,8.85,8.67,8.7,8.76435,8.82,8.66,2969000.0,2969000.0,0.0,26021355150.0,0.0,80900.0,709490000.0,75900.0,663330000.0,1951.0,7766297.0,1534.0,25845445.0,1.3907597856588128,322547352.0,0.0,0.0,0.0,1000.0
2023-06-21T00:00:00,TCH,9.0,8.82,8.84,8.933290000000001,8.98,8.82,4786700.0,4786700.0,0.0,42760979243.0,0.0,240400.0,2149750000.0,0.0,0.0,1785.0,12180700.0,2071.0,34410748.0,1.3907597856588128,323011352.0,0.0,0.0,0.0,1000.0
2023-06-22T00:00:00,TCH,9.14,9.0,9.0,9.09072,9.11,8.98,7055000.0,7055000.0,0.0,64135029600.0,0.0,173200.0,1574590000.0,0.0,0.0,1946.0,19821222.0,3119.0,30548942.0,1.3907597856588128,323103454.0,35687000.0,0.0,35687000.0,1000.0
2023-06-23T00:00:00,TCH,9.23,8.98,9.14,9.10862,9.07,9.11,6127600.0,6127600.0,0.0,55813979912.0,0.0,34600.0,315610000.0,91300.0,831360000.0,2523.0,14907201.0,2784.0,14912746.0,1.3907597856588128,323144754.0,0.0,0.0,0.0,1000.0
2023-06-26T00:00:00,TCH,9.09,8.8,9.06,8.941510000000001,8.99,9.07,6940800.0,6940800.0,0.0,62061232608.0,0.0,40600.0,363070000.0,306108.0,2720150000.0,3588.0,12983531.0,2268.0,31260145.0,1.3907597856588128,323104154.0,-36916000.0,0.0,-36916000.0,1000.0
2023-06-27T00:00:00,TCH,9.07,8.91,9.0,8.96431,8.95,8.99,3015500.0,3015500.0,0.0,27031876805.0,0.0,44300.0,397070000.0,43600.0,391230000.0,2129.0,6964477.0,1571.0,25450766.0,1.3907597856588128,323059854.0,-165600000.0,0.0,-165600000.0,1000.0
2023-06-28T00:00:00,TCH,9.15,8.96,9.0,9.07895,9.06,8.95,7539700.0,7539700.0,0.0,68452559315.0,0.0,263600.0,2391640000.0,12000.0,108000000.0,3635.0,15397276.0,3033.0,36305173.0,1.3907597856588128,322887554.0,-1139000.0,0.0,-1139000.0,1000.0
2023-06-29T00:00:00,TCH,9.1,8.9,9.1,8.97506,8.91,9.06,4223400.0,4223400.0,0.0,37905268404.0,0.0,20200.0,181800000.0,96300.0,864340000.0,2588.0,7193296.0,1672.0,20565852.0,1.3907597856588128,323173462.0,0.0,0.0,0.0,1000.0
2023-06-30T00:00:00,TCH,8.93,8.86,8.91,8.893870000000001,8.89,8.91,2854600.0,2854600.0,0.0,25388441302.0,0.0,14400.0,128000000.0,31200.0,276740000.0,1900.0,5915669.0,1277.0,7633683.0,1.3907597856588128,323202662.0,0.0,0.0,0.0,1000.0
2023-07-03T00:00:00,TCH,8.99,8.87,8.89,8.903379999999999,8.91,8.89,1534000.0,1534000.0,0.0,13657784920.0,0.0,18300.0,162890000.0,50716.0,450860000.0,1247.0,3633447.0,1114.0,4967908.0,1.3907597856588128,323196362.0,-141000.0,0.0,-141000.0,1000.0
2023-07-04T00:00:00,TCH,9.09,8.9,8.91,9.00673,9.03,8.91,3393200.0,3393200.0,0.0,30561636236.0,0.0,6900.0,62030000.0,1500.0,13570000.0,1704.0,6590298.0,1900.0,10264618.0,1.3907597856588128,323285762.0,0.0,0.0,0.0,1000.0
2023-07-05T00:00:00,TCH,9.13,9.02,9.13,9.08005,9.07,9.03,4297800.0,4297800.0,0.0,39024238890.0,0.0,173400.0,1574430000.0,16200.0,147150000.0,1643.0,6943877.0,2413.0,11390818.0,1.3907597856588128,323143562.0,0.0,0.0,0.0,1000.0
2023-07-06T00:00:00,TCH,9.46,9.04,9.1,9.34444,9.39,9.07,18017200.0,18017200.0,0.0,168360644368.0,0.0,263300.0,2461490000.0,69959.0,661120000.0,5851.0,29282932.0,6466.0,50328221.0,1.3907597856588128,322930978.0,14896000.0,0.0,14896000.0,1000.0
2023-07-07T00:00:00,TCH,9.5,9.25,9.36,9.35992,9.3,9.39,6645300.0,6645300.0,0.0,62199476376.0,0.0,11900.0,111270000.0,68500.0,640800000.0,3251.0,11502386.0,3023.0,19951177.0,1.3907597856588128,322920578.0,52407000.0,0.0,52407000.0,1000.0
2023-07-10T00:00:00,TCH,9.49,9.3,9.37,9.38404,9.4,9.3,8172800.0,8172800.0,0.0,76693882112.0,0.0,79400.0,745960000.0,27900.0,261340000.0,3491.0,16201311.0,2774.0,19366006.0,1.3907597856588128,322857378.0,-15016000.0,0.0,-15016000.0,1000.0
2023-07-11T00:00:00,TCH,9.69,9.43,9.45,9.554129999999999,9.51,9.4,10033700.0,10033700.0,0.0,95863274181.0,0.0,82900.0,792970000.0,700.0,6660000.0,4041.0,17668314.0,4280.0,30220909.0,1.3907597856588128,322844437.0,30528000.0,0.0,30528000.0,1000.0
2023-07-12T00:00:00,TCH,9.62,9.34,9.54,9.427290000000001,9.38,9.51,6643300.0,6643300.0,0.0,62628315657.0,0.0,37200.0,351260000.0,121300.0,1141280000.0,3683.0,10251149.0,3022.0,29793947.0,1.3907597856588128,322875737.0,-61183000.0,0.0,-61183000.0,1000.0
2023-07-13T00:00:00,TCH,9.49,9.38,9.41,9.416559999999999,9.4,9.38,6718800.0,6718800.0,0.0,63267983328.0,0.0,57000.0,535800000.0,48500.0,456220000.0,2724.0,10624433.0,2372.0,21931639.0,1.3907597856588128,322846637.0,0.0,0.0,0.0,1000.0
2023-07-14T00:00:00,TCH,9.57,9.37,9.48,9.45634,9.49,9.4,8555300.0,8555300.0,0.0,80901825602.0,0.0,141500.0,1339750000.0,127400.0,1202150000.0,3218.0,14806674.0,3150.0,20565385.0,1.3907597856588128,322705837.0,0.0,0.0,0.0,1000.0
2023-07-17T00:00:00,TCH,9.7,9.52,9.6,9.6196,9.61,9.49,8473800.0,8473800.0,0.0,81514566480.0,0.0,255100.0,2448430000.0,50200.0,483360000.0,3249.0,15919048.0,3324.0,26089780.0,1.3907597856588128,322572037.0,0.0,0.0,0.0,1000.0
2023-07-18T00:00:00,TCH,9.6,9.45,9.6,9.510399999999999,9.5,9.61,6878500.0,6878500.0,0.0,65417286400.0,0.0,121400.0,1155950000.0,114900.0,1094470000.0,2545.0,10463054.0,2079.0,26168361.0,1.3907597856588128,322499137.0,76360000.0,0.0,76360000.0,1000.0
2023-07-19T00:00:00,TCH,9.56,9.25,9.5,9.38039,9.25,9.5,10552300.0,10552300.0,0.0,98984689397.0,0.0,17900.0,167320000.0,404400.0,3798160000.0,3969.0,14573431.0,2518.0,32615114.0,1.3907597856588128,322608637.0,118577000.0,0.0,118577000.0,1000.0
2023-07-20T00:00:00,TCH,9.33,9.23,9.25,9.2815,9.3,9.25,3868700.0,3868700.0,0.0,35907339050.0,0.0,109800.0,1020380000.0,136400.0,1262660000.0,2341.0,9162955.0,1606.0,14488657.0,1.3907597856588128,322549037.0,0.0,0.0,0.0,1000.0
2023-07-21T00:00:00,TCH,9.42,9.31,9.36,9.37624,9.4,9.3,4470600.0,4470600.0,0.0,41917418544.0,0.0,200.0,1870000.0,36300.0,340110000.0,2404.0,9235389.0,2006.0,28557946.0,1.3907597856588128,322663737.0,0.0,0.0,0.0,1000.0
2023-07-24T00:00:00,TCH,9.58,9.43,9.45,9.5259,9.58,9.4,7494200.0,7494200.0,0.0,71388999780.0,0.0,239700.0,2287030000.0,27700.0,263710000.0,2881.0,13894083.0,3239.0,15466644.0,1.3907597856588128,322828437.0,-75896000.0,0.0,-75896000.0,1000.0
2023-07-25T00:00:00,TCH,9.68,9.55,9.6,9.60422,9.6,9.58,8269700.0,8269700.0,0.0,79424018134.0,0.0,120700.0,1158410000.0,11300.0,108430000.0,3072.0,18684571.0,3597.0,20727802.0,1.3907597856588128,322844137.0,91965000.0,0.0,91965000.0,1000.0
2023-07-26T00:00:00,TCH,9.98,9.6,9.6,9.88785,9.9,9.6,12408200.0,12408200.0,0.0,122690420370.0,0.0,27400.0,271390000.0,1100.0,10950000.0,4106.0,26581559.0,5791.0,24972900.0,1.3907597856588128,322853037.0,0.0,0.0,0.0,1000.0
2023-07-27T00:00:00,TCH,10.4,9.91,9.91,10.14859,10.3,9.9,17955400.0,17955400.0,0.0,182221992886.0,0.0,81800.0,839630000.0,127200.0,1309650000.0,4243.0,30746009.0,6452.0,43773765.0,1.3907597856588128,322798937.0,-33910000.0,0.0,-33910000.0,1000.0
2023-07-28T00:00:00,TCH,10.6,10.15,10.4,10.35378,10.3,10.3,12971400.0,12971400.0,0.0,134303021892.0,0.0,43100.0,448390000.0,81200.0,835640000.0,3749.0,20883647.0,4619.0,40306871.0,1.3907597856588128,322767137.0,-14363000.0,0.0,-14363000.0,1000.0
2023-07-31T00:00:00,TCH,11.0,10.35,10.4,10.797709999999999,10.9,10.3,12949400.0,12949400.0,0.0,139823865874.0,0.0,485800.0,5271680000.0,49300.0,531480000.0,3270.0,24147470.0,5050.0,38749818.0,1.3907597856588128,322282437.0,104560000.0,0.0,104560000.0,1000.0
2023-08-01T00:00:00,TCH,11.2,10.5,11.1,10.77619,10.5,10.9,13749200.0,13749200.0,0.0,148163991548.0,0.0,77100.0,836920000.0,263600.0,2839330000.0,4052.0,21503307.0,4532.0,68147315.0,1.3907597856588128,322343537.0,103960000.0,0.0,103960000.0,1000.0
2023-08-02T00:00:00,TCH,10.7,10.4,10.5,10.5674,10.6,10.5,9791100.0,9791100.0,0.0,103466470140.0,0.0,532944.0,5643650000.0,21400.0,226780000.0,3801.0,21804004.0,2633.0,49787406.0,1.3907597856588128,321891793.0,-220480000.0,0.0,-220480000.0,1000.0
2023-08-03T00:00:00,TCH,10.95,10.5,10.6,10.68839,10.7,10.6,10263900.0,10263900.0,0.0,109704566121.0,0.0,0.0,0.0,34370.0,368690000.0,3905.0,22870845.0,3188.0,36768556.0,1.3907597856588128,321941093.0,3258750000.0,0.0,3258750000.0,1000.0
2023-08-04T00:00:00,TCH,11.4,10.9,10.9,11.28401,11.4,10.7,24567500.0,24512500.0,55000.0,277173795125.0,574500000.0,183141.0,2086110000.0,39200.0,441470000.0,4342.0,45026481.0,5544.0,42725470.0,1.3907597856588128,322021552.0,2151960000.0,0.0,2151960000.0,1000.0
2023-08-07T00:00:00,TCH,12.15,11.7,11.9,12.05571,12.15,11.4,22213100.0,22213100.0,0.0,267794691801.0,0.0,93310.0,1123740000.0,535527.0,6414640000.0,6540.0,49503252.0,5108.0,44283510.0,1.3907597856588128,321949642.0,-1215000000.0,0.0,-1215000000.0,1000.0
2023-08-08T00:00:00,TCH,12.85,12.1,12.4,12.46483,12.25,12.15,20420100.0,20420100.0,0.0,254533075083.0,0.0,166500.0,2084630000.0,643200.0,8015160000.0,6832.0,42225199.0,5697.0,56900647.0,1.3907597856588128,321817512.0,-4980000000.0,0.0,-4980000000.0,1000.0
2023-08-09T00:00:00,TCH,12.55,12.0,12.05,12.25775,12.4,12.25,12063800.0,12063800.0,0.0,147875044450.0,0.0,196100.0,2411230000.0,34000.0,415900000.0,5518.0,29338442.0,4101.0,43586551.0,1.3907597856588128,321660612.0,-1603110000.0,0.0,-1603110000.0,1000.0
2023-08-10T00:00:00,TCH,12.45,11.85,12.3,12.12292,11.9,12.4,12257500.0,12257500.0,0.0,148596691900.0,0.0,190500.0,2331700000.0,109800.0,1322650000.0,5031.0,21421210.0,3415.0,39284582.0,1.3907597856588128,322005639.0,-1190000.0,0.0,-1190000.0,1000.0
2023-08-11T00:00:00,TCH,12.7,11.7,12.05,12.224129999999999,12.7,11.9,18401500.0,18401500.0,0.0,224942328195.0,0.0,283900.0,3478080000.0,117500.0,1456740000.0,5915.0,40739451.0,5230.0,94979668.0,1.3907597856588128,322364939.0,-30750000.0,0.0,-30750000.0,1000.0
2023-08-14T00:00:00,TCH,13.55,12.9,13.0,13.36017,13.55,12.7,20149900.0,19683900.0,466000.0,269271250263.0,6291000000.0,31700.0,424460000.0,526721.0,6993140000.0,5060.0,40903151.0,5067.0,30986530.0,1.3907597856588128,322367239.0,-1350000000.0,0.0,-1350000000.0,1000.0
2023-08-15T00:00:00,TCH,13.75,12.95,13.75,13.19355,13.1,13.55,18514700.0,18514700.0,0.0,244274620185.0,0.0,54900.0,721540000.0,956810.0,12719810000.0,9061.0,34664323.0,4499.0,53034397.0,1.3907597856588128,322422139.0,-3995000000.0,0.0,-3995000000.0,1000.0
2023-08-16T00:00:00,TCH,13.45,12.85,13.1,13.15502,13.15,13.1,12833500.0,12833500.0,0.0,168824949170.0,0.0,145400.0,1909300000.0,39700.0,522630000.0,6149.0,29179280.0,3920.0,29782601.0,1.3907597856588128,322394239.0,261090000.0,0.0,261090000.0,1000.0
2023-08-17T00:00:00,TCH,13.55,12.9,13.15,13.1675,12.95,13.15,10642200.0,10642200.0,0.0,140131168500.0,0.0,15300.0,200100000.0,291859.0,3846910000.0,5035.0,21286765.0,3429.0,23343744.0,1.3907597856588128,322905660.0,0.0,0.0,0.0,1000.0
2023-08-18T00:00:00,TCH,12.9,12.05,12.7,12.3125,12.05,12.95,22575000.0,22575000.0,0.0,277954687500.0,0.0,198780.0,2411410000.0,87700.0,1093400000.0,8262.0,30569244.0,5234.0,73568851.0,1.3907597856588128,323663690.0,1300360000.0,0.0,1300360000.0,1000.0
2023-08-21T00:00:00,TCH,12.3,11.4,11.85,11.79309,11.9,12.05,14819100.0,14819100.0,0.0,174762980019.0,0.0,1470800.0,17269810000.0,38900.0,462100000.0,6276.0,31382653.0,4521.0,49338379.0,1.3907597856588128,322232590.0,-3570000.0,0.0,-3570000.0,1000.0
2023-08-22T00:00:00,TCH,12.7,11.6,12.15,12.3482,12.7,11.9,23751200.0,23751200.0,0.0,293284567840.0,0.0,397100.0,4931940000.0,138000.0,1680900000.0,7460.0,48290213.0,5758.0,40518396.0,1.3907597856588128,322127349.0,2432470000.0,0.0,2432470000.0,1000.0
2023-08-23T00:00:00,TCH,13.1,12.7,13.05,12.92338,12.8,12.7,12700127.0,12700100.0,27.0,164128538288.0,319950.0,69600.0,894190000.0,178940.0,2317970000.0,5124.0,24628984.0,5219.0,28478463.0,1.3907597856588128,322145449.0,-2590000.0,-320000.0,-2910000.0,1000.0
2023-08-24T00:00:00,TCH,13.15,12.65,12.8,12.90319,13.0,12.8,12567720.0,12567700.0,20.0,162163659963.0,239000.0,138200.0,1791560000.0,98400.0,1274340000.0,4634.0,24279401.0,4334.0,37874074.0,1.3907597856588128,322046149.0,2364705000.0,0.0,2364705000.0,1000.0
2023-08-25T00:00:00,TCH,13.4,13.0,13.15,13.19863,13.1,13.0,14176320.0,14176300.0,20.0,187107980469.0,242000.0,202900.0,2676730000.0,99907.0,1314570000.0,4103.0,27941378.0,5802.0,35999168.0,1.3907597856588128,321981249.0,-11970000.0,-242000.0,-12212000.0,1000.0
2023-08-28T00:00:00,TCH,13.25,12.85,13.25,12.97655,13.0,13.1,14175903.0,14175900.0,3.0,183954311745.0,36600.0,98200.0,1277580000.0,53600.0,696570000.0,6845.0,24075678.0,4009.0,30915307.0,1.3907597856588128,322066989.0,-127710000.0,-37000.0,-127747000.0,1000.0
2023-08-29T00:00:00,TCH,13.7,13.0,13.1,13.48759,13.45,13.0,13837201.0,13837200.0,1.0,186630492448.0,12100.0,705900.0,9514320000.0,98300.0,1303060000.0,5196.0,29892582.0,6712.0,41304954.0,1.3907597856588128,321459489.0,2698856000.0,-12000.0,2698844000.0,1000.0
2023-08-30T00:00:00,TCH,14.15,13.6,13.7,13.91814,13.95,13.45,14835606.0,14835600.0,6.0,206484033084.0,75300.0,58100.0,808480000.0,31400.0,438120000.0,5977.0,29350654.0,8143.0,42449246.0,1.3907597856588128,321501296.0,0.0,75000.0,75000.0,1000.0
2023-08-31T00:00:00,TCH,13.7,13.25,13.7,13.43561,13.3,13.45,13078203.0,13078200.0,3.0,175713632352.0,37650.0,34200.0,455040000.0,1129700.0,15175510000.0,7134.0,25389730.0,4290.0,45494331.0,1.3409117646540003,321520696.0,0.0,-38000.0,-38000.0,1000.0
2023-09-05T00:00:00,TCH,13.7,12.95,13.4,13.212639999999999,13.0,13.3,19169305.0,19169300.0,5.0,253277121952.0,62000.0,7700.0,101000000.0,680600.0,9043370000.0,8097.0,31525582.0,4596.0,39061233.0,1.3409117646540003,321611296.0,0.0,-62000.0,-62000.0,1000.0
2023-09-06T00:00:00,TCH,13.35,12.7,12.9,13.03373,13.35,13.0,13117509.0,13117500.0,9.0,170970062175.0,108900.0,224200.0,2967480000.0,148500.0,1937290000.0,8200.0,35280010.0,4476.0,28528683.0,1.3409117646540003,321418496.0,0.0,-109000.0,-109000.0,1000.0
2023-09-07T00:00:00,TCH,13.8,13.35,13.5,13.542129999999998,13.35,13.35,13994707.0,13994700.0,7.0,189518133861.0,87150.0,49800.0,670170000.0,232600.0,3137830000.0,5640.0,29517892.0,5767.0,29727136.0,1.3409117646540003,322498396.0,0.0,-87000.0,-87000.0,1000.0
2023-09-08T00:00:00,TCH,13.55,13.25,13.35,13.400549999999999,13.3,13.35,9756613.0,9756600.0,13.0,130743967980.0,161850.0,35000.0,465500000.0,54108.0,727360000.0,4951.0,24690703.0,4665.0,28423009.0,1.3409117646540003,323143996.0,4089235000.0,-162000.0,4089073000.0,1000.0
2023-09-11T00:00:00,TCH,13.5,12.9,13.5,13.1206,12.9,13.3,16278700.0,16278700.0,0.0,213586311220.0,0.0,35845.0,472890000.0,458700.0,6050300000.0,5931.0,30061235.0,4941.0,37243711.0,1.3409117646540003,323256651.0,-1290000.0,0.0,-1290000.0,1000.0
2023-09-12T00:00:00,TCH,13.35,12.75,12.9,13.067484882693199,13.35,12.9,11427300.0,11427300.0,0.0,149326070000.0,0.0,607900.0,7979920000.0,21700.0,281980000.0,4833.0,27269162.0,3708.0,21984162.0,1.3409117646540003,322881351.0,0.0,0.0,0.0,1000.0
2023-09-13T00:00:00,TCH,14.1,13.4,13.4,13.75215,13.6,13.35,21834000.0,21834000.0,0.0,300264443100.0,0.0,9200.0,127700000.0,56403.0,774060000.0,6123.0,38991616.0,9763.0,48595187.0,1.3409117646540003,322926259.0,-1365000.0,0.0,-1365000.0,1000.0
2023-09-14T00:00:00,TCH,13.8,13.05,13.65,13.50628,13.5,13.6,13363800.0,13363800.0,0.0,180495224664.0,0.0,37500.0,506610000.0,480.0,6580000.0,4985.0,30500803.0,4960.0,32717369.0,1.3409117646540003,323347459.0,10935000.0,0.0,10935000.0,1000.0
2023-09-15T00:00:00,TCH,13.8,13.25,13.7,13.51351,13.3,13.5,10559900.0,10559900.0,0.0,142701314249.0,0.0,73700.0,990930000.0,736077.0,9840610000.0,4068.0,21694120.0,4275.0,28981036.0,1.3409117646540003,323295459.0,0.0,0.0,0.0,1000.0
2023-09-18T00:00:00,TCH,13.7,13.25,13.4,13.50425,13.6,13.3,13421800.0,13421800.0,0.0,181251342650.0,0.0,192490.0,2600220000.0,11000.0,147420000.0,4020.0,33175358.0,4459.0,29695665.0,1.3409117646540003,323159372.0,0.0,0.0,0.0,1000.0
2023-09-19T00:00:00,TCH,13.85,13.4,13.7,13.64007,13.7,13.6,10576906.0,10576900.0,6.0,144269732283.0,75900.0,20400.0,277320000.0,69200.0,944730000.0,3745.0,23626494.0,5145.0,29389525.0,1.3409117646540003,323139452.0,48960000.0,-76000.0,48884000.0,1000.0
2023-09-20T00:00:00,TCH,13.95,13.65,13.8,13.798639999999999,13.9,13.7,12347128.0,12347100.0,28.0,170373544944.0,357000.0,21300.0,295730000.0,2800.0,38400000.0,3276.0,24407670.0,4577.0,27422121.0,1.3409117646540003,323854229.0,-1370000.0,-357000.0,-1727000.0,1000.0
2023-09-21T00:00:00,TCH,14.8,13.95,14.0,14.45325,14.5,13.9,20242829.0,20242800.0,29.0,292574624650.0,375550.0,104700.0,1511510000.0,59582.0,871700000.0,6365.0,39922214.0,8357.0,42440844.0,1.3409117646540003,323760529.0,1472990000.0,-376000.0,1472614000.0,1000.0
2023-09-22T00:00:00,TCH,14.25,13.5,14.0,13.714889999999999,13.5,14.5,24607021.0,24607000.0,21.0,337482581730.0,283500.0,9900.0,134740000.0,41800.0,585470000.0,8348.0,43387102.0,5282.0,60720019.0,1.3409117646540003,323819829.0,-945000.0,-284000.0,-1229000.0,1000.0
2023-09-25T00:00:00,TCH,13.45,12.6,13.15,12.88156,12.6,13.5,16919538.0,16519500.0,400038.0,218237409220.0,5440478800.0,9900.0,127490000.0,30946.0,403810000.0,5788.0,25871679.0,4402.0,56855729.0,1.3409117646540003,323812729.0,-1692500000.0,-479000.0,-1692979000.0,1000.0
2023-09-26T00:00:00,TCH,12.6,11.75,12.05,12.021180000000001,11.75,12.6,18868939.0,18579900.0,289039.0,227211480532.0,3859158250.0,294300.0,3538230000.0,208410.0,2531280000.0,6950.0,31607943.0,4625.0,35501385.0,1.3409117646540003,323578011.0,417090000.0,-1345458000.0,-928368000.0,1000.0
2023-09-27T00:00:00,TCH,12.25,11.0,11.75,11.4722,12.25,11.75,14325001.0,14325000.0,1.0,164339275950.0,10950.0,503100.0,5652540000.0,184893.0,2139430000.0,5659.0,29751301.0,4270.0,24321912.0,1.3409117646540003,323116711.0,4100887000.0,-11000.0,4100876000.0,1000.0
2023-09-28T00:00:00,TCH,12.2,11.7,12.1,11.89599,12.0,12.25,6846004.0,6846000.0,4.0,81439993140.0,45600.0,6000.0,71590000.0,28693.0,341400000.0,3734.0,13619263.0,2401.0,18697865.0,1.3409117646540003,323146657.0,-1789505000.0,-46000.0,-1789551000.0,1000.0
2023-09-29T00:00:00,TCH,12.25,11.6,12.2,11.940520000000001,11.6,12.0,7117411.0,7007400.0,110011.0,85080123048.0,1408123200.0,130700.0,1516680000.0,243600.0,2907400000.0,3358.0,13457753.0,2416.0,15510411.0,1.3409117646540003,323224367.0,10845000.0,-123000.0,10722000.0,1000.0
2023-10-02T00:00:00,TCH,12.05,11.6,11.6,11.87168,11.85,11.6,5406127.0,4656100.0,750027.0,64276020848.0,9000291600.0,3600.0,43020000.0,99037.0,1175320000.0,2546.0,10076415.0,2455.0,10217077.0,1.3409117646540003,323405660.0,0.0,-292000.0,-292000.0,1000.0
2023-10-03T00:00:00,TCH,11.75,11.05,11.75,11.17105,11.05,11.85,14368700.0,14068700.0,300000.0,160951151135.0,3789000000.0,38400.0,432820000.0,433000.0,5001600000.0,4990.0,16555123.0,2684.0,28763851.0,1.3409117646540003,323395953.0,1420360000.0,-3789900000.0,-2369540000.0,1000.0
2023-10-04T00:00:00,TCH,11.55,10.65,10.8,11.129190000000001,11.3,11.05,9315701.0,9315700.0,1.0,103676205583.0,10300.0,605600.0,6741750000.0,170700.0,1856400000.0,2742.0,23010228.0,2839.0,16933507.0,1.3409117646540003,323033953.0,2802535000.0,-10000.0,2802525000.0,1000.0
2023-10-05T00:00:00,TCH,11.5,10.9,11.5,11.21502,11.1,11.3,5822400.0,5822400.0,0.0,65298332448.0,0.0,3800.0,42190000.0,40500.0,458050000.0,2136.0,14700387.0,2187.0,12002030.0,1.3409117646540003,323134190.0,39960000.0,0.0,39960000.0,1000.0
2023-10-06T00:00:00,TCH,11.85,11.15,11.15,11.670014616118626,11.85,11.1,13204600.0,13204600.0,0.0,154097875000.0,0.0,183200.0,2133640000.0,21100.0,246660000.0,3167.0,35251373.0,4239.0,22615508.0,1.3409117646540003,323392990.0,3596670000.0,0.0,3596670000.0,1000.0
2023-10-09T00:00:00,TCH,12.35,11.9,12.15,12.144206829982691,12.2,11.85,9013200.0,9013200.0,0.0,109458165000.0,0.0,36000.0,432090000.0,269500.0,3260010000.0,2614.0,18927292.0,3056.0,19770062.0,1.3409117646540003,323532190.0,-305910000.0,0.0,-305910000.0,1000.0
2023-10-10T00:00:00,TCH,12.45,11.95,12.45,12.19550149440467,11.95,12.2,7273500.0,7193500.0,80000.0,88684340000.0,956000000.0,13000.0,159280000.0,380800.0,4662670000.0,2458.0,12615058.0,2586.0,16001133.0,1.3409117646540003,323559690.0,-2897285000.0,-956000000.0,-3853285000.0,1000.0
2023-10-11T00:00:00,TCH,12.15,11.8,12.0,11.969960171568628,12.15,11.95,5412600.0,4569600.0,843000.0,65235430000.0,10537500000.0,24000.0,287460000.0,14500.0,171830000.0,2582.0,9158115.0,1687.0,9878124.0,1.3409117646540003,323556790.0,150975000.0,0.0,150975000.0,1000.0
2023-10-12T00:00:00,TCH,12.55,12.05,12.3,12.335987676694455,12.15,12.15,6540000.0,5518000.0,1022000.0,81082680000.0,13012700000.0,5900.0,72210000.0,305200.0,3774550000.0,2294.0,10931935.0,3125.0,20994016.0,1.3409117646540003,323820390.0,43830000.0,-1422000000.0,-1378170000.0,1000.0
2023-10-13T00:00:00,TCH,12.3,11.8,11.95,12.029149217729236,12.2,12.15,6812800.0,5969800.0,843000.0,82264815000.0,10453200000.0,104000.0,1257680000.0,33200.0,400720000.0,3051.0,13383545.0,2099.0,13535964.0,1.3409117646540003,324097190.0,-120285000.0,0.0,-120285000.0,1000.0
2023-10-16T00:00:00,TCH,12.75,12.1,12.2,12.484875845538372,12.4,12.2,12725300.0,11723300.0,1002000.0,159004345000.0,12640400000.0,15400.0,191150000.0,12400.0,151730000.0,5506.0,27491885.0,4592.0,27850836.0,1.3409117646540003,324105290.0,-120555000.0,-1185600000.0,-1306155000.0,1000.0
2023-10-17T00:00:00,TCH,12.75,11.6,12.45,12.238938477099712,11.6,12.4,6475300.0,5635300.0,840000.0,79638090000.0,10668000000.0,13200.0,165020000.0,11400.0,141830000.0,2775.0,9851515.0,2922.0,19253778.0,1.3409117646540003,324397290.0,22545000.0,0.0,22545000.0,1000.0
2023-10-18T00:00:00,TCH,12.05,11.05,11.9,11.627770243613767,11.5,11.6,13066800.0,12166800.0,900000.0,151672755000.0,10200000000.0,330800.0,3837090000.0,27900.0,325700000.0,4463.0,24183023.0,3322.0,21722059.0,1.3409117646540003,324099690.0,125595000.0,0.0,125595000.0,1000.0
2023-10-19T00:00:00,TCH,11.9,11.2,11.45,11.508898681019696,11.4,11.5,7602800.0,6762800.0,840000.0,88164380000.0,10332000000.0,112300.0,1299820000.0,70300.0,809490000.0,3061.0,17294002.0,2342.0,40961227.0,1.3409117646540003,323999790.0,2372305000.0,0.0,2372305000.0,1000.0
2023-10-20T00:00:00,TCH,11.95,11.3,11.4,11.620080962376306,11.9,11.4,6569300.0,5669300.0,900000.0,76307725000.0,10430000000.0,89900.0,1042770000.0,2700.0,32130000.0,2757.0,18061480.0,2355.0,55019274.0,1.3409117646540003,323921290.0,41305000.0,0.0,41305000.0,1000.0
2023-10-23T00:00:00,TCH,12.15,11.7,11.9,11.96633682608062,11.8,11.9,7074700.0,6174700.0,900000.0,84958540000.0,11070000000.0,31100.0,370090000.0,468300.0,5598710000.0,2758.0,14430890.0,3062.0,37286109.0,1.3409117646540003,323927090.0,-2585380000.0,0.0,-2585380000.0,1000.0
2023-10-24T00:00:00,TCH,12.1,11.6,12.0,11.873401349795726,12.0,11.8,4430300.0,4430300.0,0.0,52602730000.0,0.0,5500.0,65490000.0,106200.0,1257420000.0,2633.0,12178288.0,2421.0,36445024.0,1.3409117646540003,323991890.0,64305000.0,0.0,64305000.0,1000.0
2023-10-25T00:00:00,TCH,12.35,12.05,12.1,12.192270110701108,12.1,12.0,8575000.0,6775000.0,1800000.0,103977630000.0,21375000000.0,209900.0,2571470000.0,78000.0,948680000.0,2873.0,16530083.0,3577.0,41709043.0,1.3409117646540003,323784690.0,120465000.0,0.0,120465000.0,1000.0
2023-10-26T00:00:00,TCH,11.75,11.3,11.6,11.394277179746195,11.3,12.1,12671200.0,12671200.0,0.0,144379165000.0,0.0,40200.0,458780000.0,11400.0,133950000.0,4115.0,17304800.0,2459.0,33830053.0,1.3409117646540003,324212790.0,400725000.0,0.0,400725000.0,1000.0
2023-10-27T00:00:00,TCH,11.6,10.55,11.5,11.156860781427588,11.4,11.3,10734200.0,10734200.0,0.0,119759975000.0,0.0,3100.0,34800000.0,75.0,850000.0,3672.0,21914735.0,3004.0,21449098.0,1.3409117646540003,324320890.0,0.0,0.0,0.0,1000.0
2023-10-30T00:00:00,TCH,11.6,10.9,11.4,11.170712633885103,10.9,11.4,6772900.0,4929600.0,1843300.0,76402410000.0,21335265000.0,15700.0,175920000.0,0.0,0.0,2018.0,9967998.0,1878.0,23981018.0,1.3409117646540003,324392190.0,90855000.0,0.0,90855000.0,1000.0
2023-10-31T00:00:00,TCH,11.1,10.15,11.0,10.587858671285918,10.15,10.9,9814000.0,9814000.0,0.0,103909245000.0,0.0,342900.0,3570320000.0,2000.0,21600000.0,3609.0,16517464.0,2714.0,29253864.0,1.3409117646540003,324069690.0,101002000.0,0.0,101002000.0,1000.0
2023-11-01T00:00:00,TCH,10.7,9.9,10.2,10.315959494866576,10.55,10.15,8892700.0,8892700.0,0.0,91736733000.0,0.0,581600.0,5939720000.0,0.0,0.0,3268.0,19214486.0,2690.0,32279119.0,1.3409117646540003,323491765.0,1646945000.0,0.0,1646945000.0,1000.0
2023-11-02T00:00:00,TCH,11.25,10.7,10.85,11.074066428343654,11.25,10.55,6258600.0,5958300.0,300300.0,69315940000.0,3333330000.0,3000.0,33300000.0,32600.0,363320000.0,1793.0,16831722.0,2033.0,8790153.0,1.3409117646540003,323493265.0,990095000.0,0.0,990095000.0,1000.0
2023-11-03T00:00:00,TCH,11.5,11.2,11.5,11.334889897189363,11.2,11.25,5553900.0,5553900.0,0.0,62952845000.0,0.0,146700.0,1663270000.0,271300.0,3082700000.0,1920.0,12024682.0,3095.0,15367628.0,1.3409117646540003,323348565.0,0.0,0.0,0.0,1000.0
2023-11-06T00:00:00,TCH,11.4,11.05,11.4,11.2461428128392,11.35,11.2,5412400.0,3869400.0,1543000.0,61238175000.0,17722350000.0,176400.0,1983520000.0,104100.0,1176670000.0,2112.0,8898759.0,1869.0,13894723.0,1.3409117646540003,323172165.0,121005000.0,0.0,121005000.0,1000.0
2023-11-07T00:00:00,TCH,11.4,11.1,11.3,11.272276036926279,11.1,11.35,4614600.0,4614600.0,0.0,52017045000.0,0.0,183500.0,2070390000.0,98900.0,1111060000.0,2316.0,12203385.0,1556.0,14578114.0,1.3409117646540003,323021265.0,0.0,0.0,0.0,1000.0
2023-11-08T00:00:00,TCH,11.85,11.1,11.1,11.56654952046249,11.85,11.1,10499700.0,10499700.0,0.0,121445300000.0,0.0,485100.0,5560300000.0,182400.0,2063700000.0,3173.0,21056153.0,2616.0,34144886.0,1.3409117646540003,322807465.0,0.0,0.0,0.0,1000.0
2023-11-09T00:00:00,TCH,12.45,11.95,12.0,12.199630119659828,12.0,11.85,13017400.0,12017400.0,1000000.0,159017835000.0,12410000000.0,259300.0,3136670000.0,333900.0,4058800000.0,4124.0,25547424.0,4704.0,40039877.0,1.3409117646540003,322652265.0,-4288555000.0,0.0,-4288555000.0,1000.0
2023-11-10T00:00:00,TCH,12.6,11.8,11.95,12.31195664567787,12.35,12.0,16729200.0,15786200.0,943000.0,206029710000.0,11670700000.0,159000.0,1943310000.0,76700.0,941110000.0,6174.0,32626272.0,4944.0,42917051.0,1.3409117646540003,322592165.0,0.0,0.0,0.0,1000.0
2023-11-13T00:00:00,TCH,12.6,12.05,12.45,12.386875408724295,12.3,12.35,8357400.0,8257400.0,100000.0,103603385000.0,1320000000.0,500.0,6280000.0,586124.0,7292480000.0,3453.0,17337044.0,3922.0,24706021.0,1.3409117646540003,322774065.0,-724680000.0,1320000000.0,595320000.0,1000.0
2023-11-14T00:00:00,TCH,12.7,12.2,12.5,12.406636795608147,12.25,12.3,10515600.0,8670600.0,1845000.0,130266485000.0,22693500000.0,5500.0,69100000.0,162400.0,2022350000.0,3544.0,18660137.0,4329.0,56120576.0,1.3409117646540003,323102465.0,-39960000.0,0.0,-39960000.0,1000.0
2023-11-15T00:00:00,TCH,12.65,12.15,12.65,12.423584627533561,12.2,12.25,9497500.0,9497500.0,0.0,117992995000.0,0.0,42900.0,537510000.0,275600.0,3406190000.0,3368.0,16738225.0,4197.0,55147823.0,1.3409117646540003,323136265.0,49045000.0,0.0,49045000.0,1000.0
2023-11-16T00:00:00,TCH,12.6,12.1,12.1,12.372076234089839,12.6,12.2,9269500.0,7424500.0,1845000.0,114549980000.0,22693500000.0,219000.0,2697110000.0,6600.0,82210000.0,3104.0,16291357.0,2783.0,49468625.0,1.3409117646540003,323503389.0,21075000.0,0.0,21075000.0,1000.0
2023-11-17T00:00:00,TCH,13.15,12.45,12.7,12.884290780141844,12.6,12.6,23606000.0,23406000.0,200000.0,304259710000.0,2690000000.0,6400.0,81280000.0,123800.0,1612150000.0,8635.0,44180968.0,9578.0,105493904.0,1.3409117646540003,323659389.0,2706280000.0,-2690000000.0,16280000.0,1000.0
2023-11-20T00:00:00,TCH,13.05,12.3,12.3,12.758567730224739,12.9,12.6,13442300.0,13442300.0,0.0,171504495000.0,0.0,207700.0,2616920000.0,52000.0,659160000.0,5951.0,28655324.0,5008.0,31143215.0,1.3409117646540003,323727289.0,0.0,0.0,0.0,1000.0
2023-11-21T00:00:00,TCH,13.2,12.85,13.1,13.007635426392005,12.9,12.9,10068200.0,10068200.0,0.0,130963475000.0,0.0,0.0,0.0,228400.0,2973780000.0,0.0,0.0,0.0,0.0,1.3409117646540003,323741889.0,2640000000.0,0.0,2640000000.0,1000.0
2023-11-22T00:00:00,TCH,13.2,12.8,12.9,12.977084188911704,13.0,12.9,10960064.0,10470500.0,489564.0,141751328000.0,5874768000.0,0.0,0.0,101000.0,1309870000.0,4607.0,19955943.0,4807.0,47410954.0,1.3409117646540003,323865689.0,-3870000000.0,0.0,-3870000000.0,1000.0
2023-11-23T00:00:00,TCH,13.4,12.1,13.1,12.842945971197524,12.1,13.0,15519500.0,15519500.0,0.0,199316100000.0,0.0,362400.0,4608100000.0,141700.0,1867490000.0,4806.0,23353027.0,5941.0,48033299.0,1.3409117646540003,323555289.0,-168480000.0,0.0,-168480000.0,1000.0
2023-11-24T00:00:00,TCH,12.4,11.6,12.25,11.992358076920112,12.3,12.1,13877100.0,12977100.0,900000.0,166566030000.0,10940000000.0,109100.0,1295520000.0,500.0,6090000.0,7955.0,29393095.0,3846.0,30559730.0,1.3409117646540003,323674589.0,2407580000.0,0.0,2407580000.0,1000.0
2023-11-27T00:00:00,TCH,12.45,11.9,12.3,12.150662281655432,11.9,12.3,5518800.0,5518800.0,0.0,67057075000.0,0.0,37700.0,460170000.0,2200.0,27170000.0,3283.0,12386030.0,2169.0,14463299.0,1.3409117646540003,323737889.0,68240000.0,0.0,68240000.0,1000.0
2023-11-28T00:00:00,TCH,12.1,11.55,12.0,11.810638322737471,12.05,11.9,8556800.0,8556800.0,0.0,101061270000.0,0.0,113300.0,1344560000.0,0.0,0.0,5908.0,20420259.0,2770.0,38120773.0,1.3409117646540003,323770289.0,-1156560000.0,0.0,-1156560000.0,1000.0
2023-11-29T00:00:00,TCH,12.35,12.05,12.15,12.2161998591236,12.25,12.05,6536800.0,5394800.0,1142000.0,79697955000.0,13794000000.0,1000.0,12250000.0,15100.0,185130000.0,2159.0,9588415.0,3077.0,16762490.0,1.3409117646540003,323769789.0,-68328000.0,0.0,-68328000.0,1000.0
2023-11-30T00:00:00,TCH,12.45,12.15,12.25,12.357221464851909,12.45,12.25,9095800.0,9095800.0,0.0,112398815000.0,0.0,1708400.0,21269580000.0,100000.0,1239200000.0,3544.0,17036428.0,3880.0,19977024.0,1.3409117646540003,322063589.0,-49560000.0,0.0,-49560000.0,1000.0
2023-12-01T00:00:00,TCH,12.5,12.15,12.45,12.292944179460426,12.2,12.45,5367200.0,5367200.0,0.0,65978690000.0,0.0,12900.0,158180000.0,307600.0,3786810000.0,3431.0,12471490.0,3220.0,18468427.0,1.3409117646540003,322050689.0,156960000.0,0.0,156960000.0,1000.0
2023-12-04T00:00:00,TCH,12.9,12.4,12.4,12.631948038791318,12.75,12.2,10858100.0,10858100.0,0.0,137158955000.0,0.0,131300.0,1668940000.0,95000.0,1192450000.0,4364.0,21924350.0,4698.0,21457648.0,1.3409117646540003,321934489.0,-10200000.0,0.0,-10200000.0,1000.0
2023-12-05T00:00:00,TCH,12.85,12.5,12.8,12.682483966255955,12.5,12.75,7878400.0,7515400.0,363000.0,99873740000.0,4559800000.0,7300.0,92710000.0,8400.0,106540000.0,3763.0,14546503.0,3816.0,19359373.0,1.3409117646540003,322035189.0,0.0,0.0,0.0,1000.0
2023-12-06T00:00:00,TCH,12.9,12.55,12.55,12.773743132341785,12.85,12.5,8700200.0,8700200.0,0.0,111134120000.0,0.0,13000.0,166060000.0,6900.0,88540000.0,4000.0,18235957.0,4172.0,23266100.0,1.3409117646540003,322329789.0,1341400000.0,0.0,1341400000.0,1000.0
2023-12-07T00:00:00,TCH,13.15,12.5,13.0,12.786379750681899,12.7,12.85,13821700.0,13821700.0,0.0,176729505000.0,0.0,85600.0,1105410000.0,138000.0,1771050000.0,6518.0,28155812.0,5950.0,37965494.0,1.3409117646540003,322339189.0,1838130000.0,0.0,1838130000.0,1000.0
2023-12-08T00:00:00,TCH,13.3,12.65,12.85,13.039230972953288,12.95,12.7,15338500.0,15103500.0,235000.0,199946025000.0,3008000000.0,4900.0,62950000.0,21697.0,281850000.0,5405.0,29558859.0,7872.0,37380019.0,1.3409117646540003,322342689.0,-5198960000.0,0.0,-5198960000.0,1000.0
2023-12-11T00:00:00,TCH,13.15,12.8,13.05,12.932960811210629,12.8,12.95,7435800.0,7435800.0,0.0,96166910000.0,0.0,12500.0,161630000.0,28700.0,371160000.0,3372.0,14081235.0,4046.0,30186588.0,1.3409117646540003,322337089.0,-1258680000.0,0.0,-1258680000.0,1000.0
2023-12-12T00:00:00,TCH,13.05,12.8,12.95,12.922818837874829,12.95,12.8,8037000.0,8037000.0,0.0,103860695000.0,0.0,7500.0,96980000.0,59500.0,766210000.0,2902.0,17821042.0,3518.0,21493344.0,1.3409117646540003,322467589.0,-41000000.0,0.0,-41000000.0,1000.0
2023-12-13T00:00:00,TCH,13.25,12.6,12.95,12.924950949262106,12.65,12.95,10660300.0,10550300.0,110000.0,137814110000.0,1452000000.0,67200.0,876820000.0,89949.0,1165270000.0,3715.0,20227949.0,5496.0,30093088.0,1.3409117646540003,322422086.0,92560000.0,0.0,92560000.0,1000.0
2023-12-14T00:00:00,TCH,12.85,12.4,12.8,12.624533760211333,12.5,12.65,6965300.0,6965300.0,0.0,87933665000.0,0.0,34300.0,433750000.0,101200.0,1280730000.0,3583.0,16695730.0,3103.0,26082256.0,1.3409117646540003,322416486.0,263080000.0,0.0,263080000.0,1000.0
2023-12-15T00:00:00,TCH,12.75,12.4,12.5,12.589422694387553,12.55,12.5,6786700.0,6786700.0,0.0,85440635000.0,0.0,174900.0,2210380000.0,1065200.0,13368260000.0,3127.0,18588846.0,2404.0,14326883.0,1.3409117646540003,322301086.0,-1255000.0,0.0,-1255000.0,1000.0
2023-12-18T00:00:00,TCH,13.15,12.6,12.6,12.895124854255734,12.9,12.55,10292000.0,10292000.0,0.0,132716625000.0,0.0,1100.0,14300000.0,98900.0,1267190000.0,4005.0,22420671.0,5148.0,24173010.0,1.3409117646540003,322389935.0,-392880000.0,0.0,-392880000.0,1000.0
2023-12-19T00:00:00,TCH,13.15,12.65,13.05,12.903927889781713,12.85,12.9,6234900.0,6234900.0,0.0,80454700000.0,0.0,800.0,10280000.0,37900.0,487550000.0,2827.0,14670831.0,4129.0,20196408.0,1.3409117646540003,322490335.0,-52440000.0,0.0,-52440000.0,1000.0
2023-12-20T00:00:00,TCH,13.15,12.95,12.95,13.045235531807428,13.15,12.85,8523400.0,7523400.0,1000000.0,111344525000.0,13200000000.0,478400.0,6240410000.0,46400.0,605240000.0,2703.0,15931284.0,4262.0,17864484.0,1.3409117646540003,323077135.0,-22055000.0,-13200000000.0,-13222055000.0,1000.0
2023-12-21T00:00:00,TCH,13.5,13.0,13.1,13.321446682804742,13.2,13.15,12276500.0,12186500.0,90000.0,163543310000.0,1201500000.0,40800.0,538720000.0,199000.0,2657250000.0,5433.0,25324861.0,6914.0,30325079.0,1.3409117646540003,323135235.0,-665000000.0,0.0,-665000000.0,1000.0
2023-12-22T00:00:00,TCH,13.5,12.95,13.25,13.222378485616664,13.15,13.2,9503000.0,9073000.0,430000.0,125986640000.0,6020000000.0,292500.0,3841140000.0,53600.0,711900000.0,3175.0,17059238.0,5164.0,24249235.0,1.3409117646540003,322880635.0,2230240000.0,0.0,2230240000.0,1000.0
2023-12-25T00:00:00,TCH,13.3,13.1,13.15,13.178827032880488,13.15,13.15,8146400.0,8126400.0,20000.0,107341420000.0,245000000.0,78800.0,1037040000.0,9200.0,121120000.0,2795.0,15856677.0,3608.0,18803929.0,1.3409117646540003,322848235.0,147640000.0,0.0,147640000.0,1000.0
2023-12-26T00:00:00,TCH,13.3,13.1,13.3,13.193416316736654,13.2,13.15,6297800.0,5667800.0,630000.0,82588145000.0,7810500000.0,4600.0,60720000.0,213854.0,2682790000.0,2196.0,12254511.0,3638.0,15498573.0,1.3409117646540003,323042635.0,-839440000.0,-2500000000.0,-3339440000.0,1000.0
2023-12-27T00:00:00,TCH,13.6,13.2,13.2,13.413007156821372,13.25,13.2,11641300.0,11611300.0,30000.0,156165450000.0,423000000.0,685500.0,9210300000.0,3000.0,40450000.0,4351.0,21019126.0,5740.0,27675801.0,1.3409117646540003,322410735.0,0.0,0.0,0.0,1000.0
2023-12-28T00:00:00,TCH,13.45,13.2,13.3,13.300272656832503,13.25,13.25,6840100.0,6840100.0,0.0,90975195000.0,0.0,295700.0,3930910000.0,321500.0,4275940000.0,2462.0,13767196.0,3606.0,20001347.0,1.3409117646540003,322124235.0,340445000.0,0.0,340445000.0,1000.0
2023-12-29T00:00:00,TCH,13.35,13.1,13.3,13.223229898456914,13.2,13.25,6759400.0,6519400.0,240000.0,89224025000.0,3016500000.0,260600.0,3442460000.0,65500.0,866170000.0,2551.0,12467279.0,3020.0,15430563.0,1.3409117646540003,322081489.0,0.0,0.0,0.0,1000.0
2024-01-02T00:00:00,TCH,13.35,12.95,13.25,13.082627749053573,13.0,13.2,6788700.0,6788700.0,0.0,88814035000.0,0.0,4900.0,63700000.0,9200.0,120480000.0,3033.0,11837674.0,2847.0,15855923.0,1.3409117646540003,322079589.0,712400000.0,0.0,712400000.0,1000.0
2024-01-03T00:00:00,TCH,13.15,12.9,13.0,13.011267633305827,13.05,13.0,7634700.0,7634700.0,0.0,99337125000.0,0.0,12100.0,157570000.0,156900.0,2042600000.0,3123.0,15365102.0,2559.0,14998150.0,1.3409117646540003,322388989.0,-10440000.0,0.0,-10440000.0,1000.0
2024-01-04T00:00:00,TCH,13.35,13.05,13.05,13.17255979718976,13.05,13.05,9006400.0,8796400.0,210000.0,118517105000.0,2646000000.0,17100.0,224820000.0,34500.0,453350000.0,3026.0,14056195.0,3853.0,18741832.0,1.3409117646540003,322437389.0,2626650000.0,0.0,2626650000.0,1000.0
2024-01-05T00:00:00,TCH,13.3,13.05,13.1,13.168949368443588,13.15,13.05,7473600.0,7473600.0,0.0,98419460000.0,0.0,1200.0,15840000.0,5800.0,76480000.0,3723.0,17792732.0,3772.0,22477450.0,1.3409117646540003,322445389.0,80000.0,0.0,80000.0,1000.0
2024-01-08T00:00:00,TCH,13.45,13.2,13.25,13.307169199510131,13.25,13.15,7185600.0,7185600.0,0.0,95619995000.0,0.0,25700.0,342330000.0,15000.0,199330000.0,2411.0,14496584.0,4233.0,19667959.0,1.3409117646540003,322576589.0,-53280000.0,0.0,-53280000.0,1000.0
2024-01-09T00:00:00,TCH,13.85,13.3,13.3,13.600360203281701,13.5,13.25,14827200.0,14797200.0,30000.0,201667250000.0,420000000.0,231800.0,3162430000.0,21600.0,292390000.0,4613.0,29435408.0,8126.0,40023111.0,1.3409117646540003,322379289.0,-1246280000.0,0.0,-1246280000.0,1000.0
2024-01-10T00:00:00,TCH,13.6,13.2,13.5,13.348797723098565,13.2,13.5,7677100.0,7677100.0,0.0,102480055000.0,0.0,7300.0,97280000.0,13500.0,180980000.0,3175.0,15178507.0,3461.0,18969989.0,1.3409117646540003,322377789.0,95920000.0,0.0,95920000.0,1000.0
2024-01-11T00:00:00,TCH,13.4,13.0,13.2,13.177953643741784,13.05,13.2,8292300.0,8292300.0,0.0,109275545000.0,0.0,15800.0,208880000.0,14000.0,184200000.0,3398.0,14445402.0,2534.0,17040085.0,1.3409117646540003,322400989.0,385640000.0,0.0,385640000.0,1000.0
2024-01-12T00:00:00,TCH,13.05,12.6,13.0,12.838109504773216,12.75,13.05,11281700.0,11281700.0,0.0,144835700000.0,0.0,76600.0,977620000.0,44400.0,568310000.0,5989.0,20484307.0,2701.0,22033725.0,1.3409117646540003,322346789.0,123720000.0,0.0,123720000.0,1000.0
2024-01-15T00:00:00,TCH,13.1,12.75,12.95,12.917969467401287,12.9,12.75,4356000.0,4356000.0,0.0,56270675000.0,0.0,4000.0,51800000.0,100.0,1300000.0,1723.0,8981770.0,2173.0,12389997.0,1.3409117646540003,322356289.0,-388500000.0,0.0,-388500000.0,1000.0
2024-01-16T00:00:00,TCH,13.1,12.75,12.8,12.915062701334561,13.1,12.9,3476800.0,3476800.0,0.0,44903090000.0,0.0,50000.0,651250000.0,3800.0,48640000.0,2187.0,8568204.0,1647.0,8645112.0,1.3409117646540003,322320289.0,0.0,0.0,0.0,1000.0
2024-01-17T00:00:00,TCH,13.25,13.0,13.1,13.103069479388427,13.05,13.1,5167000.0,5167000.0,0.0,67703560000.0,0.0,192600.0,2514970000.0,9000.0,117750000.0,2098.0,9773020.0,2583.0,14190930.0,1.3409117646540003,322172089.0,-115120000.0,0.0,-115120000.0,1000.0
2024-01-18T00:00:00,TCH,13.25,13.0,13.15,13.13429897744472,13.15,13.05,5417800.0,5417800.0,0.0,71159005000.0,0.0,24290.0,319350000.0,52600.0,688700000.0,2514.0,11191457.0,2989.0,16460505.0,1.3409117646540003,322147899.0,-10400000.0,0.0,-10400000.0,1000.0
2024-01-19T00:00:00,TCH,13.35,12.95,13.2,13.098373382998966,13.0,13.15,5149700.0,4939700.0,210000.0,67642035000.0,2940000000.0,13200.0,172520000.0,39100.0,511940000.0,2284.0,8760641.0,2983.0,16227589.0,1.3409117646540003,322138499.0,1477280000.0,0.0,1477280000.0,1000.0
2024-01-22T00:00:00,TCH,13.1,12.8,13.0,12.91533284325737,12.85,13.0,6121500.0,6121500.0,0.0,79061210000.0,0.0,25600.0,330990000.0,149600.0,1934180000.0,3093.0,11779879.0,2326.0,15464477.0,1.3409117646540003,322121899.0,165240000.0,0.0,165240000.0,1000.0
2024-01-23T00:00:00,TCH,13.0,12.85,12.95,12.915142960550128,12.95,12.85,4144500.0,4144500.0,0.0,53526810000.0,0.0,3400.0,43950000.0,89300.0,1150620000.0,2279.0,11353210.0,1944.0,12443098.0,1.3409117646540003,322171099.0,1269040000.0,0.0,1269040000.0,1000.0
2024-01-24T00:00:00,TCH,13.0,12.85,13.0,12.905541709426771,12.85,12.95,2728400.0,2728400.0,0.0,35211480000.0,0.0,4100.0,52890000.0,3200.0,41240000.0,1801.0,7662175.0,1991.0,10142992.0,1.3409117646540003,322206099.0,-43820000.0,0.0,-43820000.0,1000.0
2024-01-25T00:00:00,TCH,12.95,12.75,12.95,12.817065579844387,12.75,12.85,2899000.0,2699000.0,200000.0,37123260000.0,2530000000.0,210.0,2690000.0,45.0,580000.0,1970.0,6251910.0,1662.0,9955726.0,1.3409117646540003,322355489.0,637500000.0,0.0,637500000.0,1000.0
2024-01-26T00:00:00,TCH,13.0,12.8,12.8,12.883844204123013,12.9,12.75,2959000.0,2959000.0,0.0,38123295000.0,0.0,19800.0,255090000.0,28145.0,361620000.0,1831.0,11459470.0,2305.0,12413181.0,1.3409117646540003,322424989.0,82480000.0,0.0,82480000.0,1000.0
2024-01-29T00:00:00,TCH,13.5,13.0,13.05,13.28222303814976,13.35,12.9,14026300.0,14026300.0,0.0,186300445000.0,0.0,852400.0,11182460000.0,166100.0,2214760000.0,3874.0,33553513.0,7136.0,33545747.0,1.3409117646540003,321575789.0,2131420000.0,0.0,2131420000.0,1000.0
2024-01-30T00:00:00,TCH,13.7,13.3,13.55,13.486895482227768,13.5,13.35,9737100.0,9737100.0,0.0,131323250000.0,0.0,136500.0,1840961233.3240902,36800.0,496317753.7459819,2978.0,18526453.0,5674.0,28468095.0,1.3409117646540003,321439330.0,-18901136000.0,0.0,-18901136000.0,1000.0
2024-01-31T00:00:00,TCH,13.6,13.1,13.55,13.313087141746339,13.2,13.5,9131100.0,9131100.0,0.0,121563130000.0,0.0,24700.0,331190000.0,4700.0,63410000.0,0.0,0.0,0.0,0.0,1.3409117646540003,321442779.0,-1341680000.0,0.0,-1341680000.0,1000.0
2024-02-01T00:00:00,TCH,13.85,13.15,13.2,13.560695624564286,13.65,13.2,14487700.0,14487700.0,0.0,196463290000.0,0.0,0.0,0.0,0.0,0.0,0.0,0.0,0.0,0.0,1.3409117646540003,320920952.0,5421220000.0,0.0,5421220000.0,1000.0
2024-02-02T00:00:00,TCH,13.9,13.55,13.7,13.69435924382584,13.65,13.65,8383300.0,8183300.0,200000.0,114625050000.0,2560000000.0,2400.0,32840000.0,91700.0,1258530000.0,2713.0,13626161.0,4756.0,23800525.0,1.3409117646540003,320955352.0,6288960000.0,0.0,6288960000.0,1000.0
2024-02-05T00:00:00,TCH,14.0,13.55,13.6,13.755762398113038,13.7,13.65,10047900.0,10047900.0,0.0,138216525000.0,0.0,87600.0,1199500000.0,63000.0,867840000.0,3015.0,18521539.0,4854.0,24026388.0,1.3409117646540003,320872452.0,3910970000.0,0.0,3910970000.0,1000.0
2024-02-06T00:00:00,TCH,13.8,13.4,13.75,13.580576470588236,13.5,13.7,6800000.0,6800000.0,0.0,92347920000.0,0.0,321000.0,4414970000.0,641100.0,8767760000.0,2977.0,11873730.0,3090.0,20398251.0,1.3409117646540003,320845952.0,21920000.0,0.0,21920000.0,1000.0
2024-02-07T00:00:00,TCH,13.55,13.35,13.55,13.429092423641412,13.4,13.5,6302500.0,6302500.0,0.0,84636855000.0,0.0,7800.0,105070000.0,18900.0,254900000.0,3688.0,12243731.0,1984.0,12815848.0,1.3409117646540003,320929852.0,737220000.0,0.0,737220000.0,1000.0
2024-02-15T00:00:00,TCH,13.8,13.4,13.45,13.565037435410735,13.6,13.4,8853288.0,7586400.0,1266888.0,120012788000.0,17102988000.0,67800.0,916110000.0,231700.0,3181500000.0,3133.0,18325597.0,2997.0,17797980.0,1.3409117646540003,320925052.0,3884465000.0,0.0,3884465000.0,1000.0
2024-02-16T00:00:00,TCH,13.9,13.6,13.65,13.781338994275982,13.7,13.6,8455600.0,8455600.0,0.0,116529490000.0,0.0,553900.0,7613530000.0,25900.0,353890000.0,3355.0,22158530.0,4703.0,23615844.0,1.3409117646540003,321012252.0,-734920000.0,0.0,-734920000.0,1000.0
2024-02-19T00:00:00,TCH,13.8,13.5,13.7,13.58296729123444,13.55,13.7,6279420.0,6169600.0,109820.0,85306009000.0,1504534000.0,47898.0,651370000.0,37200.0,506040000.0,3156.0,11349841.0,3024.0,17435807.0,1.3409117646540003,320983254.0,864880000.0,0.0,864880000.0,1000.0
2024-02-20T00:00:00,TCH,13.7,13.5,13.6,13.572288776373574,13.5,13.55,7445900.0,7445900.0,0.0,101057905000.0,0.0,179200.0,2432760000.0,42700.0,579500000.0,3745.0,16653406.0,3123.0,17519549.0,1.3409117646540003,321035754.0,1360000000.0,0.0,1360000000.0,1000.0
2024-02-21T00:00:00,TCH,13.6,13.4,13.5,13.481400912524137,13.4,13.5,5851900.0,5851900.0,0.0,78891810000.0,0.0,56400.0,759970000.0,323300.0,4371250000.0,3650.0,11866936.0,2591.0,17698743.0,1.3409117646540003,321005254.0,97880000.0,0.0,97880000.0,1000.0
2024-02-22T00:00:00,TCH,13.6,13.3,13.5,13.425682937751903,13.35,13.4,6029100.0,6029100.0,0.0,80944785000.0,0.0,82800.0,1116150000.0,26500.0,355570000.0,3457.0,11374097.0,2477.0,15161152.0,1.3409117646540003,320967654.0,586660000.0,0.0,586660000.0,1000.0
2024-02-23T00:00:00,TCH,13.45,12.85,13.4,13.139788542493745,12.85,13.35,13350200.0,13350200.0,0.0,175418805000.0,0.0,75600.0,991260000.0,995500.0,13128500000.0,6825.0,20805862.0,3182.0,25498801.0,1.3409117646540003,320934754.0,4472580000.0,0.0,4472580000.0,1000.0
2024-02-26T00:00:00,TCH,13.1,12.8,12.85,12.910451709289042,13.0,12.85,5689500.0,5689500.0,0.0,73454015000.0,0.0,52800.0,679450000.0,58400.0,757430000.0,3679.0,12230100.0,1917.0,12081123.0,1.3409117646540003,321205254.0,-278520000.0,0.0,-278520000.0,1000.0
2024-02-27T00:00:00,TCH,13.25,12.95,13.1,13.10019304167494,13.2,13.0,4532700.0,4532700.0,0.0,59379245000.0,0.0,241100.0,3166540000.0,230201.0,3008510000.0,2613.0,11555163.0,2631.0,11699800.0,1.3409117646540003,320990654.0,-1167880000.0,0.0,-1167880000.0,1000.0
2024-02-28T00:00:00,TCH,13.35,13.0,13.2,13.123517872238962,13.1,13.2,4613300.0,4613300.0,0.0,60542725000.0,0.0,197700.0,2590870000.0,20200.0,266640000.0,2883.0,10504580.0,2563.0,13455453.0,1.3409117646540003,321788454.0,1593720000.0,0.0,1593720000.0,1000.0
2024-02-29T00:00:00,TCH,13.2,12.95,13.15,13.054467581910476,13.1,13.1,6934400.0,6934400.0,0.0,90524900000.0,0.0,71400.0,928250000.0,504308.0,6587720000.0,3773.0,13756161.0,2583.0,15279684.0,1.3409117646540003,321775454.0,2468480000.0,0.0,2468480000.0,1000.0
2024-03-01T00:00:00,TCH,13.3,13.0,13.05,13.130874306940658,13.2,13.1,5464900.0,5464900.0,0.0,71758915000.0,0.0,14500.0,191400000.0,155100.0,2051510000.0,3434.0,13457743.0,2628.0,14637351.0,1.3409117646540003,321991155.0,359180000.0,0.0,359180000.0,1000.0
2024-03-04T00:00:00,TCH,13.8,13.3,13.35,13.574162040919559,13.4,13.2,15024600.0,15024600.0,0.0,203946355000.0,0.0,1281100.0,17335660000.0,46993.0,631760000.0,5478.0,30637857.0,7053.0,33494234.0,1.3409117646540003,320730255.0,-2262660000.0,0.0,-2262660000.0,1000.0
2024-03-05T00:00:00,TCH,13.6,13.4,13.4,13.463939514596492,13.45,13.4,5525300.0,5525300.0,0.0,74392305000.0,0.0,35100.0,472710000.0,0.0,0.0,2815.0,11305064.0,4002.0,18102259.0,1.3409117646540003,321199463.0,62220000.0,0.0,62220000.0,1000.0
2024-03-06T00:00:00,TCH,13.5,13.05,13.5,13.206170410822887,13.1,13.45,8057000.0,8057000.0,0.0,106402115000.0,0.0,94000.0,1245740000.0,0.0,0.0,4996.0,16089281.0,2841.0,20505521.0,1.3409117646540003,321260563.0,1506040000.0,0.0,1506040000.0,1000.0
2024-03-07T00:00:00,TCH,13.25,13.0,13.15,13.09649364765834,13.1,13.1,8555900.0,8555900.0,0.0,112052290000.0,0.0,87900.0,1155280000.0,805700.0,10546580000.0,4703.0,18464486.0,2608.0,18950619.0,1.3409117646540003,321219656.0,1105280000.0,0.0,1105280000.0,1000.0
2024-03-08T00:00:00,TCH,13.25,12.85,13.25,12.981427821964905,12.9,13.1,10674300.0,10674300.0,0.0,138567655000.0,0.0,55500.0,726330000.0,550000.0,7123630000.0,6559.0,21059579.0,2783.0,19808996.0,1.3409117646540003,321164156.0,-73000000.0,0.0,-73000000.0,1000.0
2024-03-11T00:00:00,TCH,13.05,12.7,12.9,12.87608496907771,12.8,12.9,5578500.0,5578500.0,0.0,71829240000.0,0.0,7000.0,90390000.0,415900.0,5336000000.0,3749.0,10588221.0,1929.0,11163408.0,1.3409117646540003,321157156.0,377105000.0,0.0,377105000.0,1000.0
2024-03-12T00:00:00,TCH,12.9,12.65,12.8,12.77611879639286,12.8,12.8,6520400.0,6520400.0,0.0,83305405000.0,0.0,43100.0,551540000.0,426100.0,5447510000.0,3712.0,13627084.0,2570.0,12482855.0,1.3409117646540003,321919756.0,210975000.0,0.0,210975000.0,1000.0
2024-03-13T00:00:00,TCH,13.1,12.8,12.85,12.961513566235148,13.1,12.8,5639000.0,5639000.0,0.0,73089975000.0,0.0,490500.0,6386660000.0,19100.0,246550000.0,2583.0,11309062.0,2613.0,13278206.0,1.3409117646540003,321979256.0,-641980000.0,0.0,-641980000.0,1000.0
2024-03-14T00:00:00,TCH,13.3,12.95,13.2,13.125923411489381,13.1,13.1,9058800.0,9058800.0,0.0,118905115000.0,0.0,15400.0,201640000.0,392522.0,5127780000.0,4269.0,17280980.0,4159.0,21478858.0,1.3409117646540003,322379756.0,88880000.0,0.0,88880000.0,1000.0
2024-03-15T00:00:00,TCH,13.65,13.05,13.1,13.432974657096505,13.3,13.1,16272800.0,16272800.0,0.0,218592110000.0,0.0,310200.0,4187400000.0,582900.0,7785220000.0,7784.0,36401271.0,8277.0,41854609.0,1.3409117646540003,322495656.0,-5398520000.0,0.0,-5398520000.0,1000.0
2024-03-18T00:00:00,TCH,14.2,13.4,13.5,13.87855901270813,14.2,13.3,45506300.0,45506300.0,0.0,631561870000.0,0.0,5428900.0,75285680000.0,828400.0,11511330000.0,14960.0,91664494.0,13963.0,75112031.0,1.3409117646540003,317085856.0,-11313865000.0,0.0,-11313865000.0,1000.0
2024-03-19T00:00:00,TCH,14.7,14.15,14.7,14.425328553082192,14.15,14.2,14016000.0,14016000.0,0.0,202185405000.0,0.0,59600.0,860260000.0,6500.0,93750000.0,6155.0,24698268.0,8183.0,38117200.0,1.3409117646540003,317418778.0,-570040000.0,0.0,-570040000.0,1000.0
2024-03-20T00:00:00,TCH,14.95,14.05,14.2,14.50406035659035,14.95,14.15,21913100.0,21913100.0,0.0,317828925000.0,0.0,2551700.0,36988980000.0,11804.0,171880000.0,8368.0,47194215.0,8478.0,39582720.0,1.3409117646540003,315449978.0,-948530000.0,0.0,-948530000.0,1000.0
2024-03-21T00:00:00,TCH,15.3,14.7,15.1,14.998873381886364,15.0,14.95,21653300.0,21653300.0,0.0,324775105000.0,0.0,495800.0,7420390000.0,4735100.0,71145430000.0,9234.0,41643004.0,8449.0,50819139.0,1.3409117646540003,315782578.0,1784660000.0,0.0,1784660000.0,1000.0
2024-03-22T00:00:00,TCH,15.2,14.75,15.15,14.937478531267514,14.9,15.0,16593900.0,16593900.0,0.0,247871025000.0,0.0,2033200.0,30369900000.0,831500.0,12421520000.0,8607.0,35386811.0,5226.0,35406040.0,1.3409117646540003,313755878.0,237560000.0,0.0,237560000.0,1000.0
2024-03-25T00:00:00,TCH,15.35,14.65,15.05,14.946404847842643,14.7,14.9,15099500.0,15099500.0,0.0,225683240000.0,0.0,564200.0,8446760000.0,2231645.0,33461940000.0,8080.0,32117778.0,4874.0,32923521.0,1.3409117646540003,313203482.0,-2199400000.0,0.0,-2199400000.0,1000.0
2024-03-26T00:00:00,TCH,15.45,14.6,14.6,15.170077620602104,15.4,14.7,13785000.0,13785000.0,0.0,209119520000.0,0.0,2320600.0,35182120000.0,48800.0,743010000.0,7056.0,32531249.0,5632.0,25314680.0,1.3409117646540003,315617982.0,1593520000.0,0.0,1593520000.0,1000.0
2024-03-27T00:00:00,TCH,15.7,15.3,15.7,15.487414778147059,15.45,15.4,9959300.0,9959300.0,0.0,154243810000.0,0.0,46000.0,715070000.0,1561900.0,24231700000.0,3933.0,17097725.0,4812.0,26945240.0,1.3409117646540003,316403482.0,2546735000.0,0.0,2546735000.0,1000.0
2024-03-28T00:00:00,TCH,15.6,15.15,15.45,15.337924545260485,15.2,15.45,12570300.0,8900700.0,3669600.0,191562265000.0,55044000000.0,399200.0,6111150000.0,296000.0,4577320000.0,4456.0,18657657.0,3533.0,19678624.0,1.3409117646540003,318235927.0,15716880000.0,0.0,15716880000.0,1000.0
2024-03-29T00:00:00,TCH,15.9,15.1,15.1,15.486975567102188,15.7,15.2,11893800.0,11893800.0,0.0,184198990000.0,0.0,1958400.0,30266260000.0,410770.0,6356950000.0,6173.0,27486454.0,5604.0,25276338.0,1.3409117646540003,316326327.0,208830000.0,0.0,208830000.0,1000.0
2024-04-01T00:00:00,TCH,16.1,15.55,15.55,15.906379112147954,15.95,15.7,11830800.0,11830800.0,0.0,188185190000.0,0.0,89300.0,1406350000.0,2050800.0,32653380000.0,5302.0,21823709.0,6067.0,29125241.0,1.3409117646540003,317798927.0,-912480000.0,0.0,-912480000.0,1000.0
2024-04-02T00:00:00,TCH,16.2,15.6,15.9,16.008525652703337,16.1,15.95,10429700.0,10429700.0,0.0,166964120000.0,0.0,876900.0,13965480000.0,794800.0,12736600000.0,5336.0,23355958.0,5104.0,23391338.0,1.3409117646540003,317218027.0,2215770000.0,0.0,2215770000.0,1000.0
2024-04-03T00:00:00,TCH,16.2,15.65,16.15,15.960524447980282,15.7,16.1,12821100.0,12821100.0,0.0,204631480000.0,0.0,1008300.0,16169230000.0,1794800.0,28734080000.0,6094.0,23608151.0,4092.0,27798923.0,1.3409117646540003,316620497.0,-8156495000.0,0.0,-8156495000.0,1000.0
2024-04-04T00:00:00,TCH,16.75,15.4,15.7,16.018011450224474,16.45,15.7,21851100.0,21851100.0,0.0,350011170000.0,0.0,5276600.0,84933890000.0,425100.0,6691300000.0,9303.0,44658161.0,7063.0,36828199.0,1.3409117646540003,313394697.0,-19847005000.0,0.0,-19847005000.0,1000.0
2024-04-05T00:00:00,TCH,16.9,16.1,16.25,16.63473619919464,16.5,16.45,14080700.0,14080700.0,0.0,234228730000.0,0.0,1271600.0,21169570000.0,2168000.0,36109190000.0,7736.0,27612058.0,6020.0,33217409.0,1.3409117646540003,312917897.0,-419760000.0,0.0,-419760000.0,1000.0
2024-04-08T00:00:00,TCH,16.55,16.2,16.5,16.35914920520231,16.2,16.5,8857600.0,8857600.0,0.0,144902800000.0,0.0,157838.0,2565160000.0,73800.0,1212880000.0,4998.0,15330698.0,3679.0,16605475.0,1.3409117646540003,314554859.0,715300000.0,0.0,715300000.0,1000.0
2024-04-09T00:00:00,TCH,16.3,15.6,16.2,15.89738705781655,16.15,16.2,17157400.0,17057400.0,100000.0,272753090000.0,1585000000.0,442700.0,7043960000.0,1642900.0,26136040000.0,8849.0,33227716.0,4286.0,33819994.0,1.3409117646540003,314537259.0,-1160270000.0,0.0,-1160270000.0,1000.0
2024-04-10T00:00:00,TCH,16.7,16.05,16.25,16.314705507689457,16.05,16.15,8635200.0,8635200.0,0.0,140880745000.0,0.0,215700.0,3508130000.0,1657138.0,27088960000.0,4503.0,16169090.0,4345.0,21825971.0,1.3409117646540003,316489559.0,-886940000.0,0.0,-886940000.0,1000.0
2024-04-11T00:00:00,TCH,17.15,15.75,15.85,16.596418678009417,17.0,16.05,22648200.0,22381400.0,266800.0,375826605000.0,4375520000.0,5909300.0,98162800000.0,251200.0,4122200000.0,9174.0,54073548.0,8573.0,37830457.0,1.3409117646540003,310654059.0,-2707040000.0,0.0,-2707040000.0,1000.0
2024-04-12T00:00:00,TCH,17.3,16.85,17.15,17.06415290628182,17.05,17.0,9302400.0,9035600.0,266800.0,158475004000.0,4290144000.0,149100.0,2540540000.0,1087100.0,18590960000.0,4547.0,18656215.0,4553.0,21399754.0,1.3409117646540003,312147859.0,602320000.0,-4290411000.0,-3688091000.0,1000.0
2024-04-15T00:00:00,TCH,17.15,15.9,17.0,16.425621166523644,15.9,17.05,25287100.0,25287100.0,0.0,415356325000.0,0.0,2053444.0,33791020000.0,201100.0,3395210000.0,8607.0,36059958.0,5524.0,47879408.0,1.3409117646540003,311751553.0,-8411880000.0,0.0,-8411880000.0,1000.0
2024-04-16T00:00:00,TCH,15.9,15.0,15.8,15.367414682847972,15.8,15.9,30248900.0,30248900.0,0.0,464847390000.0,0.0,1608979.0,24634060000.0,3631100.0,56120780000.0,16303.0,67697421.0,7188.0,55627290.0,1.3409117646540003,310393774.0,699470000.0,0.0,699470000.0,1000.0
2024-04-17T00:00:00,TCH,16.25,15.35,15.95,15.805451683705886,15.6,15.8,17313000.0,17313000.0,0.0,273639785000.0,0.0,1747300.0,27611280000.0,2758844.0,43823800000.0,7254.0,35193223.0,5903.0,38572768.0,1.3409117646540003,309733574.0,-3000210000.0,0.0,-3000210000.0,1000.0
2024-04-19T00:00:00,TCH,15.55,14.6,15.25,15.034148775004887,14.85,15.6,24555200.0,24555200.0,0.0,369166530000.0,0.0,2702418.0,40593650000.0,2195360.0,33344080000.0,11852.0,45359430.0,6961.0,47582653.0,1.3409117646540003,307236256.0,2487220000.0,0.0,2487220000.0,1000.0
2024-04-22T00:00:00,TCH,15.4,14.95,15.2,15.143796758940622,15.2,14.85,11187700.0,11187700.0,0.0,169424255000.0,0.0,1045502.0,15847720000.0,650027.0,9858050000.0,5855.0,23193981.0,4262.0,26472567.0,1.3409117646540003,309821854.0,-375560000.0,0.0,-375560000.0,1000.0
2024-04-23T00:00:00,TCH,15.3,14.45,15.3,14.800707661671892,14.55,15.2,12192700.0,12152700.0,40000.0,180434560000.0,566000000.0,126900.0,1852110000.0,1430827.0,21451760000.0,6472.0,23293446.0,3898.0,29646396.0,1.3409117646540003,312453798.0,653800000.0,0.0,653800000.0,1000.0
2024-04-24T00:00:00,TCH,15.55,14.65,14.85,15.189708803467099,15.55,14.55,17167100.0,17167100.0,0.0,260763250000.0,0.0,3546400.0,53949610000.0,315400.0,4798330000.0,6148.0,41192490.0,5188.0,27450514.0,1.3409117646540003,311102758.0,-1162520000.0,0.0,-1162520000.0,1000.0
2024-04-25T00:00:00,TCH,15.95,15.45,15.6,15.741219852910966,15.8,15.55,14603400.0,14603400.0,0.0,229875330000.0,0.0,605000.0,9476640000.0,592639.0,9357560000.0,7418.0,31124788.0,6883.0,31935793.0,1.3409117646540003,311147785.0,-3376720000.0,0.0,-3376720000.0,1000.0
2024-04-26T00:00:00,TCH,16.3,15.6,15.6,15.96400597960846,16.0,15.8,11171300.0,11171300.0,0.0,178338700000.0,0.0,628600.0,10029320000.0,167951.0,2679170000.0,7292.0,26136813.0,5994.0,27220942.0,1.3409117646540003,311950012.0,50120000.0,0.0,50120000.0,1000.0
2024-05-02T00:00:00,TCH,16.65,16.15,16.5,16.3658730276979,16.3,16.0,13423400.0,13423400.0,0.0,219685660000.0,0.0,38300.0,624550000.0,945900.0,15515870000.0,5300.0,23488967.0,6114.0,27944882.0,1.3409117646540003,312227112.0,-1070930000.0,0.0,-1070930000.0,1000.0
2024-05-03T00:00:00,TCH,16.45,16.05,16.4,16.23959730232413,16.25,16.3,12796200.0,12796200.0,0.0,207805135000.0,0.0,1047500.0,17015110000.0,369500.0,6013300000.0,6213.0,21726876.0,4580.0,30421207.0,1.3409117646540003,311772251.0,2019160000.0,0.0,2019160000.0,1000.0
2024-05-06T00:00:00,TCH,17.35,16.2,16.35,17.06341466590282,17.35,16.25,15360800.0,15360800.0,0.0,262107700000.0,0.0,366400.0,6100210000.0,154200.0,2621000000.0,6142.0,42126451.0,5514.0,20833385.0,1.3409117646540003,311573802.0,-2525820000.0,0.0,-2525820000.0,1000.0
2024-05-07T00:00:00,TCH,18.45,17.6,17.75,18.021487115351057,18.05,17.35,17191000.0,17191000.0,0.0,309807385000.0,0.0,960800.0,17286230000.0,582900.0,10622730000.0,8661.0,37924186.0,8577.0,34647182.0,1.3409117646540003,311558902.0,0.0,0.0,0.0,1000.0
2024-05-08T00:00:00,TCH,18.75,17.75,17.9,18.267639100156252,18.35,18.05,19327800.0,19327800.0,0.0,353073275000.0,0.0,3642400.0,66234080000.0,594000.0,11026640000.0,9076.0,45515213.0,7167.0,38171270.0,1.3409117646540003,308286002.0,-1127020000.0,0.0,-1127020000.0,1000.0
2024-05-09T00:00:00,TCH,18.5,17.95,18.4,18.178321550879698,18.2,18.35,13169300.0,13169300.0,0.0,239395770000.0,0.0,2288606.0,41586090000.0,463900.0,8453390000.0,7461.0,29463166.0,4954.0,30067351.0,1.3409117646540003,306151596.0,7282445000.0,0.0,7282445000.0,1000.0
2024-05-10T00:00:00,TCH,19.3,18.15,18.2,18.716252791846237,18.6,18.2,15894500.0,15894500.0,0.0,297485480000.0,0.0,355679.0,6569200000.0,1082780.0,20376820000.0,7212.0,33819971.0,8262.0,36255927.0,1.3409117646540003,306378817.0,3185360000.0,0.0,3185360000.0,1000.0
2024-05-13T00:00:00,TCH,18.85,17.8,18.8,18.23067028726597,18.2,18.6,12594600.0,12594600.0,0.0,229608000000.0,0.0,96740.0,1770490000.0,2392100.0,43606480000.0,8521.0,24581300.0,4617.0,28507394.0,1.3409117646540003,306876077.0,105630000.0,0.0,105630000.0,1000.0
2024-05-14T00:00:00,TCH,18.7,18.15,18.3,18.334154967778332,18.35,18.2,9217400.0,9217400.0,0.0,168993240000.0,0.0,378770.0,6944427877.145399,676700.0,12406722666.695597,5428.0,22530832.0,4525.0,23288802.0,1.3409117646540003,306961210.0,2584110000.0,0.0,2584110000.0,1000.0
2024-05-15T00:00:00,TCH,19.0,18.3,18.4,18.682589413200184,18.7,18.35,11555900.0,11555900.0,0.0,215894135000.0,0.0,1873400.0,34968180000.0,309440.0,5766310000.0,4994.0,24316289.0,6376.0,24553066.0,1.3409117646540003,306170585.0,-4691960000.0,0.0,-4691960000.0,1000.0
2024-05-16T00:00:00,TCH,19.1,18.55,19.1,18.843077492319537,18.65,18.7,13378100.0,13378100.0,0.0,252084575000.0,0.0,25000.0,472710000.0,2535400.0,47907430000.0,5076.0,19865268.0,6863.0,35475119.0,1.3409117646540003,308537685.0,48462665000.0,0.0,48462665000.0,1000.0
2024-05-17T00:00:00,TCH,19.2,18.55,18.75,18.944088529465688,19.0,18.65,9818200.0,9818200.0,0.0,185996850000.0,0.0,107500.0,2022530000.0,341000.0,6493900000.0,4716.0,21018681.0,6072.0,27162695.0,1.3409117646540003,309106885.0,-7435910000.0,0.0,-7435910000.0,1000.0
2024-05-20T00:00:00,TCH,20.15,19.0,19.5,19.563940560767936,19.0,19.0,18439000.0,18439000.0,0.0,360739500000.0,0.0,1172800.0,23049040000.0,1135000.0,22203110000.0,8416.0,35458802.0,8331.0,35900611.0,1.3409117646540003,308243525.0,3056620000.0,0.0,3056620000.0,1000.0
2024-05-21T00:00:00,TCH,20.0,18.7,19.0,19.18055855214522,19.85,19.0,18261500.0,18261500.0,0.0,350265770000.0,0.0,988555.0,18940300000.0,165300.0,3145850000.0,10838.0,37109154.0,7342.0,40863684.0,1.3409117646540003,309790370.0,-689500000.0,0.0,-689500000.0,1000.0
2024-05-22T00:00:00,TCH,20.0,19.2,20.0,19.54424487804878,19.3,19.85,15375000.0,15375000.0,0.0,300492765000.0,0.0,118260.0,2298060000.0,1418600.0,27814090000.0,8951.0,24751970.0,5631.0,30372068.0,1.3409117646540003,310013110.0,-27435165000.0,0.0,-27435165000.0,1000.0
2024-05-23T00:00:00,TCH,19.65,19.15,19.2,19.375770184060578,19.6,19.3,11740700.0,11740700.0,0.0,227485105000.0,0.0,567350.0,11006190000.0,731555.0,14192550000.0,5974.0,24894364.0,4835.0,25782838.0,1.3409117646540003,310580760.0,-27675385000.0,0.0,-27675385000.0,1000.0
2024-05-24T00:00:00,TCH,19.55,18.25,19.45,18.868606993700556,18.4,19.6,25811800.0,25811800.0,0.0,487032710000.0,0.0,72887.0,1390190000.0,1630712.0,31070790000.0,14152.0,39159858.0,6698.0,52446491.0,1.3409117646540003,310673173.0,-4022560000.0,0.0,-4022560000.0,1000.0
2024-05-27T00:00:00,TCH,19.25,18.35,18.4,18.8983654687851,19.15,18.4,12958900.0,12908900.0,50000.0,244908610000.0,951500000.0,1751954.0,33056440000.0,25300.0,475860000.0,7234.0,29030558.0,5305.0,25144335.0,1.3409117646540003,310339819.0,-3802500000.0,-951950000.0,-4754450000.0,1000.0
2024-05-28T00:00:00,TCH,19.45,19.1,19.4,19.26983211080474,19.4,19.15,9463100.0,9393100.0,70000.0,182339460000.0,1336000000.0,168300.0,3241650000.0,304800.0,5880510000.0,5008.0,17879456.0,4443.0,30340150.0,1.3409117646540003,310903074.0,-3986860000.0,-952300000.0,-4939160000.0,1000.0
2024-05-29T00:00:00,TCH,20.45,19.25,19.4,19.96988909592859,19.8,19.4,18944300.0,18944300.0,0.0,378315570000.0,0.0,2389100.0,47113130000.0,143836.0,2886540000.0,8888.0,35703064.0,11034.0,41748908.0,1.3409117646540003,310144686.0,-4515640000.0,0.0,-4515640000.0,1000.0
2024-05-30T00:00:00,TCH,19.95,19.15,19.5,19.542631874462224,19.9,19.8,13713800.0,13713800.0,0.0,268003745000.0,0.0,1036910.0,20202600000.0,1147785.0,22498260000.0,9350.0,30192945.0,5803.0,29114146.0,1.3409117646540003,309133076.0,77200000.0,0.0,77200000.0,1000.0
2024-05-31T00:00:00,TCH,20.45,19.7,20.0,20.063011632709912,19.7,19.9,10410300.0,10410300.0,0.0,208861970000.0,0.0,6000.0,119320000.0,631319.0,12651520000.0,4528.0,18217266.0,7456.0,31062122.0,1.3409117646540003,309431876.0,548060000.0,0.0,548060000.0,1000.0
2024-06-03T00:00:00,TCH,20.15,19.65,20.15,19.923122016865303,19.9,19.7,10328900.0,10328900.0,0.0,205783935000.0,0.0,81100.0,1617150000.0,1044600.0,20851960000.0,3942.0,17225015.0,5827.0,25492915.0,1.3409117646540003,309494612.0,188086000.0,0.0,188086000.0,1000.0
2024-06-04T00:00:00,TCH,20.4,19.8,20.0,20.05943642003732,20.0,19.9,8252600.0,8252600.0,0.0,165542505000.0,0.0,156175.0,3128950000.0,330402.0,6627950000.0,4018.0,16410475.0,6312.0,22438103.0,1.3409117646540003,310486222.0,-33400000.0,0.0,-33400000.0,1000.0
2024-06-05T00:00:00,TCH,20.1,19.6,20.0,19.789802499352383,19.65,20.0,11219900.0,11194900.0,25000.0,222062360000.0,517500000.0,116660.0,2298730000.0,194200.0,3825710000.0,7158.0,18816315.0,4204.0,30196591.0,1.3409117646540003,311000881.0,396840000.0,0.0,396840000.0,1000.0
2024-06-06T00:00:00,TCH,19.85,19.2,19.7,19.50744444061012,19.4,19.65,11591200.0,11591200.0,0.0,226114690000.0,0.0,106750.0,2071530000.0,53170.0,1032320000.0,7511.0,19781278.0,3717.0,23824377.0,1.3409117646540003,311938731.0,-1376000.0,0.0,-1376000.0,1000.0
2024-06-07T00:00:00,TCH,20.0,19.25,19.5,19.54878004259203,20.0,19.4,8237500.0,8217500.0,20000.0,161044100000.0,402000000.0,134334.0,2608760000.0,228159.0,4441300000.0,5792.0,17613676.0,3401.0,18889140.0,1.3409117646540003,312134799.0,-586740000.0,0.0,-586740000.0,1000.0
2024-06-10T00:00:00,TCH,20.2,19.65,20.0,19.90392391483743,19.8,20.0,8482600.0,8482600.0,0.0,168837025000.0,0.0,483534.0,9631990000.0,713033.0,14165320000.0,4660.0,14143649.0,4723.0,22017058.0,1.3409117646540003,311845465.0,4543840000.0,0.0,4543840000.0,1000.0
2024-06-11T00:00:00,TCH,19.9,19.3,19.8,19.523620738292898,19.4,19.8,9945600.0,9925600.0,20000.0,194187650000.0,404000000.0,228242.0,4471150000.0,177327.0,3461720000.0,8437.0,18683547.0,3970.0,27062528.0,1.3409117646540003,311670393.0,981900000.0,0.0,981900000.0,1000.0
2024-06-12T00:00:00,TCH,19.9,19.2,19.25,19.505204930023893,19.65,19.4,8202800.0,8202800.0,0.0,159997295000.0,0.0,436100.0,8475120000.0,205500.0,3978320000.0,6903.0,16674181.0,4755.0,22807472.0,1.3409117646540003,311462452.0,6272915000.0,0.0,6272915000.0,1000.0
2024-06-13T00:00:00,TCH,20.3,19.65,19.8,19.98105942376951,19.65,19.65,9996000.0,9996000.0,0.0,199730670000.0,0.0,508325.0,10134480000.0,339000.0,6795500000.0,4921.0,16524413.0,7543.0,28359282.0,1.3409117646540003,311667160.0,-3667400000.0,0.0,-3667400000.0,1000.0
2024-06-14T00:00:00,TCH,19.85,19.0,19.65,19.416724122733996,19.0,19.65,10210700.0,10210700.0,0.0,198258345000.0,0.0,372766.0,7280630000.0,217400.0,4258130000.0,6383.0,15035407.0,4173.0,26954003.0,1.3409117646540003,311471721.0,1235200000.0,0.0,1235200000.0,1000.0
2024-06-17T00:00:00,TCH,19.1,18.5,18.95,18.7569280284113,18.7,19.0,12644700.0,12614700.0,30000.0,237211520000.0,598500000.0,483828.0,9079860000.0,461300.0,8715820000.0,11097.0,21410879.0,4323.0,23796806.0,1.3409117646540003,311193393.0,166640000.0,0.0,166640000.0,1000.0
2024-06-18T00:00:00,TCH,19.55,18.85,18.85,19.282542789691128,19.2,18.7,10166000.0,10166000.0,0.0,196026330000.0,0.0,1256070.0,24199100000.0,215000.0,4129950000.0,6400.0,18652437.0,5176.0,23133074.0,1.3409117646540003,310276323.0,2013760000.0,0.0,2013760000.0,1000.0
2024-06-19T00:00:00,TCH,20.2,19.2,19.2,19.841133815603655,19.85,19.2,17388500.0,17348500.0,40000.0,344981910000.0,768000000.0,762700.0,15119410000.0,507000.0,10017800000.0,7005.0,31514394.0,11496.0,42913605.0,1.3409117646540003,309731023.0,-10620120000.0,0.0,-10620120000.0,1000.0
2024-06-20T00:00:00,TCH,21.2,19.75,20.0,20.59752600438254,21.2,19.85,33177100.0,33177100.0,0.0,683366180000.0,0.0,5497301.0,113433670000.0,232340.0,4724390000.0,12846.0,65546357.0,15051.0,52954132.0,1.3409117646540003,304695022.0,-1946395000.0,0.0,-1946395000.0,1000.0
2024-06-21T00:00:00,TCH,21.65,20.8,21.2,21.117819223442403,21.0,21.2,14278400.0,14278400.0,0.0,301528670000.0,0.0,4449802.0,93460830000.0,2917200.0,61433010000.0,6386.0,24270975.0,6150.0,33225133.0,1.3409117646540003,300460220.0,-693040000.0,0.0,-693040000.0,1000.0
2024-06-24T00:00:00,TCH,21.1,19.55,20.8,20.04262513491635,19.6,21.0,26683200.0,26683200.0,0.0,534801375000.0,0.0,1805597.0,36222980000.0,498946.0,10067430000.0,16639.0,44383978.0,7955.0,48421109.0,1.3409117646540003,299161623.0,486050000.0,0.0,486050000.0,1000.0
2024-06-25T00:00:00,TCH,19.9,19.1,19.65,19.513997688455117,19.85,19.6,10123100.0,10123100.0,0.0,197542150000.0,0.0,356420.0,6934190000.0,1426753.0,27928510000.0,8900.0,22598303.0,4073.0,25365630.0,1.3409117646540003,299037543.0,0.0,0.0,0.0,1000.0
2024-06-26T00:00:00,TCH,19.95,19.25,19.85,19.507112291767537,19.5,19.85,7641700.0,7641700.0,0.0,149067500000.0,0.0,23236.0,452140000.0,1359153.0,26642150000.0,6691.0,17458276.0,3758.0,22634050.0,1.3409117646540003,301931507.0,0.0,0.0,0.0,1000.0
2024-06-27T00:00:00,TCH,19.7,19.2,19.45,19.44643823938501,19.45,19.5,6686300.0,6686300.0,0.0,130024720000.0,0.0,7000.0,135920000.0,843200.0,16438160000.0,5179.0,12315867.0,3522.0,19903071.0,1.3409117646540003,302423453.0,2089680000.0,0.0,2089680000.0,1000.0
2024-06-28T00:00:00,TCH,19.6,18.6,19.6,19.0319015071353,19.0,19.45,13986800.0,13986800.0,0.0,266195400000.0,0.0,225319.0,4293790000.0,1390237.0,26640350000.0,9638.0,23426072.0,5132.0,33168335.0,1.3409117646540003,303624887.0,1974620000.0,0.0,1974620000.0,1000.0
2024-07-01T00:00:00,TCH,19.2,18.7,19.0,18.96946062567422,19.0,19.0,5612000.0,5562000.0,50000.0,106458140000.0,950000000.0,126200.0,2390540000.0,556200.0,10559790000.0,5111.0,12739483.0,2960.0,15037734.0,1.3409117646540003,304857840.0,964380000.0,0.0,964380000.0,1000.0
2024-07-02T00:00:00,TCH,19.45,19.05,19.2,19.225963388799947,19.45,19.0,8056600.0,6183900.0,1872700.0,152389225000.0,33497790000.0,66800.0,1280080000.0,928100.0,17819720000.0,3629.0,10981168.0,3086.0,13175051.0,1.3409117646540003,305634240.0,70860000.0,-1916800000.0,-1845940000.0,1000.0
2024-07-03T00:00:00,TCH,19.6,19.2,19.55,19.368177873245244,19.4,19.45,4608900.0,4608900.0,0.0,89265995000.0,0.0,4700.0,91330000.0,535400.0,10397740000.0,3585.0,8891216.0,2986.0,13799965.0,1.3409117646540003,307019777.0,1143040000.0,0.0,1143040000.0,1000.0
2024-07-04T00:00:00,TCH,19.65,19.15,19.4,19.391598908442862,19.5,19.4,5536800.0,5386800.0,150000.0,107166165000.0,2707500000.0,6800.0,131560000.0,297400.0,5758770000.0,4037.0,11412673.0,3542.0,14326639.0,1.3409117646540003,307573177.0,0.0,0.0,0.0,1000.0
2024-07-05T00:00:00,TCH,19.95,19.35,19.55,19.600106802703994,19.6,19.5,7958600.0,7958600.0,0.0,155989410000.0,0.0,351500.0,6882170000.0,407300.0,7970090000.0,5373.0,15478084.0,4873.0,22692113.0,1.3409117646540003,308149777.0,-2113060000.0,0.0,-2113060000.0,1000.0
2024-07-08T00:00:00,TCH,20.2,19.6,19.65,19.889574143919535,19.9,19.6,9385800.0,9385800.0,0.0,186679565000.0,0.0,20300.0,402920000.0,180200.0,3568250000.0,5452.0,15155883.0,6396.0,22743680.0,1.3409117646540003,308664877.0,-308220000.0,0.0,-308220000.0,1000.0
2024-07-09T00:00:00,TCH,20.6,19.95,20.0,20.276194590311786,20.3,19.9,11863900.0,11863900.0,0.0,240554745000.0,0.0,252100.0,5112060000.0,535900.0,10943150000.0,5951.0,20127712.0,8143.0,28951919.0,1.3409117646540003,308710177.0,2249460000.0,0.0,2249460000.0,1000.0
2024-07-10T00:00:00,TCH,21.05,19.95,20.4,20.41896056325671,20.45,20.3,13677600.0,13677600.0,0.0,279282375000.0,0.0,154600.0,3153410000.0,707000.0,14433470000.0,7714.0,22985678.0,8117.0,29646173.0,1.3409117646540003,308962877.0,688460000.0,0.0,688460000.0,1000.0
2024-07-11T00:00:00,TCH,21.2,20.3,20.75,20.722226457285156,20.3,20.45,11806200.0,11806200.0,0.0,244650750000.0,0.0,100200.0,2034150000.0,459700.0,9491080000.0,5744.0,19085128.0,9368.0,30848506.0,1.3409117646540003,309042877.0,-49080000.0,0.0,-49080000.0,1000.0
2024-07-12T00:00:00,TCH,20.55,20.1,20.5,20.295113423548603,20.5,20.3,6621200.0,6621200.0,0.0,134378005000.0,0.0,140130.0,2825380000.0,3100.0,62650000.0,4695.0,14049586.0,4572.0,18248263.0,1.3409117646540003,309438647.0,-404880000.0,0.0,-404880000.0,1000.0
2024-07-15T00:00:00,TCH,20.85,20.4,20.55,20.575520968760447,20.6,20.5,5384200.0,5384200.0,0.0,110782720000.0,0.0,69262.0,1424420000.0,19200.0,395710000.0,4037.0,10399317.0,4459.0,14859085.0,1.3409117646540003,310076385.0,-65520000.0,0.0,-65520000.0,1000.0
2024-07-16T00:00:00,TCH,21.0,20.35,20.85,20.675756398455523,20.4,20.6,8465300.0,8365300.0,100000.0,174989905000.0,2031000000.0,349300.0,7193540000.0,164500.0,3357610000.0,4232.0,14646361.0,6272.0,21473558.0,1.3409117646540003,310186785.0,448040000.0,-2031500000.0,-1583460000.0,1000.0
2024-07-17T00:00:00,TCH,20.5,19.0,20.5,19.53635927117381,19.0,20.4,23220900.0,23220900.0,0.0,453651845000.0,0.0,194400.0,3845890000.0,331301.0,6538730000.0,13137.0,33804066.0,6468.0,45935678.0,1.3409117646540003,309995485.0,552160000.0,0.0,552160000.0,1000.0
2024-07-18T00:00:00,TCH,19.45,18.55,19.0,18.86729579815433,19.45,19.0,12223200.0,12223200.0,0.0,230618730000.0,0.0,575000.0,10824500000.0,393800.0,7421090000.0,9269.0,24513594.0,4657.0,22707905.0,1.3409117646540003,309439685.0,-800800000.0,0.0,-800800000.0,1000.0
2024-07-19T00:00:00,TCH,19.45,18.6,19.45,18.911196202011666,18.7,19.45,8520300.0,8520300.0,0.0,161129065000.0,0.0,61000.0,1139070000.0,261800.0,4990160000.0,7984.0,15256209.0,3717.0,23609733.0,1.3409117646540003,309543185.0,-47040000.0,0.0,-47040000.0,1000.0
2024-07-22T00:00:00,TCH,18.7,17.45,18.5,18.03581350098252,18.0,18.7,15572200.0,15572200.0,0.0,280857295000.0,0.0,1687700.0,30252300000.0,168100.0,3032510000.0,12348.0,33049642.0,5613.0,28330781.0,1.3409117646540003,308186786.0,985790000.0,0.0,985790000.0,1000.0
2024-07-23T00:00:00,TCH,18.4,17.2,18.1,17.607545326540944,17.2,18.0,12741600.0,12641600.0,100000.0,224417545000.0,1830000000.0,673900.0,11817860000.0,2411400.0,42510690000.0,8392.0,21821898.0,3425.0,22674519.0,1.3409117646540003,307910686.0,1030000000.0,0.0,1030000000.0,1000.0
2024-07-24T00:00:00,TCH,18.0,17.0,17.0,17.40892254560793,17.8,17.2,11379600.0,11379600.0,0.0,198106575000.0,0.0,1430800.0,24724820000.0,2784000.0,48479300000.0,8546.0,25024687.0,4959.0,19739023.0,1.3409117646540003,306741686.0,610820000.0,0.0,610820000.0,1000.0
2024-07-25T00:00:00,TCH,17.75,17.35,17.7,17.540516302374556,17.75,17.8,5508400.0,5508400.0,0.0,96620180000.0,0.0,146200.0,2563160000.0,1126400.0,19764260000.0,5596.0,13010974.0,2339.0,11525315.0,1.3409117646540003,306763586.0,-70560000.0,0.0,-70560000.0,1000.0
2024-07-26T00:00:00,TCH,17.95,17.5,17.8,17.735650940382918,17.9,17.75,5364600.0,5322300.0,42300.0,95164315000.0,769860000.0,80003.0,1430850000.0,586800.0,10430280000.0,4638.0,11799270.0,3046.0,13523153.0,1.3409117646540003,309094983.0,71280000.0,-770156000.0,-698876000.0,1000.0
2024-07-29T00:00:00,TCH,18.7,17.9,18.2,18.35730617530471,18.6,17.9,10116100.0,10116100.0,0.0,185704345000.0,0.0,95400.0,1761320000.0,924700.0,16839010000.0,5708.0,19016032.0,5631.0,20187108.0,1.3409117646540003,311783583.0,-7340000.0,0.0,-7340000.0,1000.0
2024-07-30T00:00:00,TCH,18.7,18.0,18.7,18.349402543916174,18.4,18.6,7138600.0,7138600.0,0.0,130989045000.0,0.0,85769.0,1570390000.0,1022700.0,18901100000.0,5647.0,14100414.0,3567.0,17887656.0,1.3409117646540003,312828214.0,103160000.0,0.0,103160000.0,1000.0
2024-07-31T00:00:00,TCH,18.75,17.85,18.45,18.276203071398804,18.1,18.4,6238200.0,6238200.0,0.0,114010610000.0,0.0,8400.0,152750000.0,295100.0,5444950000.0,4307.0,12199710.0,4120.0,13725109.0,1.3409117646540003,313406614.0,87920000.0,0.0,87920000.0,1000.0
2024-08-01T00:00:00,TCH,18.15,16.85,18.1,17.238937433990195,16.85,18.1,22155800.0,22155800.0,0.0,381942450000.0,0.0,375100.0,6461550000.0,2348300.0,40588170000.0,12817.0,35647474.0,5545.0,35736555.0,1.3409117646540003,313956214.0,4122375000.0,0.0,4122375000.0,1000.0
2024-08-02T00:00:00,TCH,17.7,16.45,16.5,17.022780692549844,17.45,16.85,10483000.0,10483000.0,0.0,178449810000.0,0.0,1060407.0,17792540000.0,351500.0,6111350000.0,7889.0,24464133.0,5053.0,19972204.0,1.3409117646540003,313918507.0,135585000.0,0.0,135585000.0,1000.0
2024-08-05T00:00:00,TCH,17.3,16.25,17.1,16.607448065409315,16.3,17.45,13796200.0,13796200.0,0.0,229119675000.0,0.0,265200.0,4381930000.0,92776.0,1593930000.0,9015.0,22955255.0,4221.0,22668232.0,1.3409117646540003,313948407.0,-98315000.0,0.0,-98315000.0,1000.0
2024-08-06T00:00:00,TCH,17.4,16.35,16.9,16.908037283067724,17.4,16.3,12976400.0,12976400.0,0.0,219405455000.0,0.0,959700.0,16571500000.0,173302.0,2973780000.0,6157.0,26531300.0,6161.0,20602437.0,1.3409117646540003,315337007.0,6546895000.0,0.0,6546895000.0,1000.0
2024-08-07T00:00:00,TCH,17.8,17.05,17.65,17.427048158202563,17.8,17.4,9061800.0,9061800.0,0.0,157920425000.0,0.0,491100.0,8634560000.0,1300126.0,22654780000.0,5690.0,20516276.0,5902.0,19177870.0,1.3409117646540003,315197407.0,0.0,0.0,0.0,1000.0
2024-08-08T00:00:00,TCH,17.9,16.6,17.5,16.996451328649464,16.6,17.8,21107900.0,21107900.0,0.0,358759395000.0,0.0,29100.0,488840000.0,2046900.0,34358280000.0,9214.0,26199420.0,9909.0,72928565.0,1.3409117646540003,315261083.0,-50400000.0,0.0,-50400000.0,1000.0
2024-08-09T00:00:00,TCH,17.7,15.8,16.8,16.554132531015526,16.6,16.6,33652500.0,33652500.0,0.0,557087945000.0,0.0,1245000.0,20183330000.0,263700.0,4417510000.0,15801.0,77353099.0,14296.0,81522650.0,1.3409117646540003,314189385.0,-7812075000.0,0.0,-7812075000.0,1000.0
2024-08-12T00:00:00,TCH,16.7,15.9,16.5,16.135339798946713,16.05,16.6,12728100.0,12703100.0,25000.0,205381335000.0,412500000.0,560900.0,9003700000.0,794300.0,12868420000.0,6922.0,22244105.0,5823.0,24712791.0,1.3409117646540003,314928611.0,148230000.0,0.0,148230000.0,1000.0
2024-08-13T00:00:00,TCH,16.75,15.8,16.0,16.422845284434647,16.6,16.05,10661500.0,10661500.0,0.0,175092165000.0,0.0,1788600.0,29303660000.0,51300.0,849530000.0,6426.0,26229518.0,6989.0,22546664.0,1.3409117646540003,315186911.0,0.0,0.0,0.0,1000.0
2024-08-14T00:00:00,TCH,17.2,16.45,16.6,16.901502186451268,17.05,16.6,13766600.0,13766600.0,0.0,232676220000.0,0.0,3271900.0,55344860000.0,245700.0,4143160000.0,6207.0,23365105.0,8517.0,27082490.0,1.3409117646540003,312178711.0,5122575000.0,0.0,5122575000.0,1000.0
2024-08-15T00:00:00,TCH,17.2,16.85,17.1,17.063274761678617,17.05,17.05,8633300.0,8633300.0,0.0,147312370000.0,0.0,1916600.0,32703472408.23324,489800.0,8357591978.270186,4756.0,17910210.0,6375.0,20523998.0,1.3409117646540003,311056410.0,1718645000.0,0.0,1718645000.0,1000.0
2024-08-16T00:00:00,TCH,18.15,17.05,17.15,17.7802146575981,18.15,17.05,17955100.0,17805100.0,150000.0,319146000000.0,2567500000.0,366100.0,6525260000.0,1026400.0,18120350000.0,8143.0,32258155.0,9196.0,35466690.0,1.3409117646540003,310745611.0,7227695000.0,-2567800000.0,4659895000.0,1000.0
2024-08-19T00:00:00,TCH,18.4,17.9,18.3,18.054019280589877,18.05,18.15,8028800.0,8028800.0,0.0,144952110000.0,0.0,4000.0,71950000.0,432900.0,7867900000.0,5678.0,15638587.0,4353.0,18749444.0,1.3409117646540003,310987311.0,-25410000.0,0.0,-25410000.0,1000.0
2024-08-20T00:00:00,TCH,18.85,17.75,18.05,18.34996122900224,18.55,18.05,13085200.0,13025200.0,60000.0,240085915000.0,1074000000.0,93300.0,1729900000.0,407900.0,7519140000.0,7127.0,25256830.0,7271.0,28515423.0,1.3409117646540003,311383811.0,8404555000.0,-1074000000.0,7330555000.0,1000.0
2024-08-21T00:00:00,TCH,18.65,18.15,18.5,18.428793041247445,18.6,18.55,9978800.0,9978800.0,0.0,183897240000.0,0.0,2270200.0,42121630000.0,601100.0,11057960000.0,5766.0,16966247.0,5504.0,23870583.0,1.3409117646540003,310140011.0,-2769830000.0,0.0,-2769830000.0,1000.0
2024-08-22T00:00:00,TCH,18.65,18.25,18.5,18.43392078319775,18.6,18.6,6465800.0,6465800.0,0.0,119190045000.0,0.0,821400.0,15237900000.0,162300.0,2987600000.0,4407.0,13125122.0,3868.0,20311419.0,1.3409117646540003,309751511.0,2080190000.0,0.0,2080190000.0,1000.0
2024-08-23T00:00:00,TCH,18.85,18.25,18.45,18.545895730214276,18.8,18.6,9615700.0,9515700.0,100000.0,178337180000.0,1860000000.0,2009947.0,37553570000.0,185000.0,3424400000.0,5618.0,17092678.0,4601.0,20589660.0,1.3409117646540003,308149464.0,-7369070000.0,-1860000000.0,-9229070000.0,1000.0
2024-08-26T00:00:00,TCH,19.1,18.4,19.05,18.742997289887,18.4,18.8,6309700.0,6309700.0,0.0,118262690000.0,0.0,43100.0,796120000.0,36600.0,688290000.0,3816.0,10094979.0,4873.0,17195734.0,1.3409117646540003,308707464.0,-3755000000.0,0.0,-3755000000.0,1000.0
2024-08-27T00:00:00,TCH,18.9,18.35,18.4,18.641416585685008,18.75,18.4,10393300.0,10393300.0,0.0,193745835000.0,0.0,1213000.0,22652830000.0,102140.0,1924960000.0,5335.0,22023473.0,5942.0,23948821.0,1.3409117646540003,307656764.0,-3732500000.0,0.0,-3732500000.0,1000.0
2024-08-28T00:00:00,TCH,18.85,18.0,18.85,18.370605334554806,18.45,18.75,8647300.0,8514300.0,133000.0,158804845000.0,2392000000.0,1900.0,35120000.0,173400.0,3150580000.0,6432.0,19522924.0,4041.0,24481174.0,1.3409117646540003,307839864.0,-37875000.0,-1798600000.0,-1836475000.0,1000.0
2024-08-29T00:00:00,TCH,18.5,18.2,18.5,18.312164069852557,18.3,18.45,3825200.0,3825200.0,0.0,70047690000.0,0.0,293800.0,5381410000.0,68100.0,1249350000.0,3630.0,9731546.0,2437.0,12060352.0,1.3409117646540003,307582664.0,972745000.0,0.0,972745000.0,1000.0
2024-08-30T00:00:00,TCH,18.5,18.05,18.3,18.27687963422521,18.5,18.3,6648900.0,6648900.0,0.0,121521145000.0,0.0,1848653.0,34028720000.0,217926.0,3976630000.0,4844.0,14276581.0,3195.0,16000721.0,1.3409117646540003,305836151.0,269780000.0,0.0,269780000.0,1000.0
2024-09-04T00:00:00,TCH,18.4,18.0,18.2,18.203728997289975,18.35,18.5,6507500.0,6457500.0,50000.0,118445580000.0,895000000.0,661300.0,12113990000.0,230100.0,4173540000.0,4647.0,12974603.0,2393.0,11592146.0,1.3409117646540003,305362251.0,3259795000.0,-895000000.0,2364795000.0,1000.0
2024-09-05T00:00:00,TCH,18.65,18.0,18.35,18.3122794561052,18.3,18.35,5258700.0,5140700.0,118000.0,96250135000.0,2112200000.0,293400.0,5350700000.0,304700.0,5573670000.0,2906.0,10196615.0,3316.0,12434666.0,1.3409117646540003,305151651.0,-71970000.0,-2112200000.0,-2184170000.0,1000.0
2024-09-06T00:00:00,TCH,18.25,17.85,18.15,18.06038341750101,18.25,18.3,5683100.0,5683100.0,0.0,102638965000.0,0.0,796800.0,14509400000.0,398800.0,7211290000.0,4752.0,12110338.0,3017.0,13406091.0,1.3409117646540003,304572777.0,3985875000.0,0.0,3985875000.0,1000.0
2024-09-09T00:00:00,TCH,18.2,17.85,18.0,17.959193127851755,17.85,18.25,6443400.0,6443400.0,0.0,115718265000.0,0.0,761100.0,13636280000.0,125400.0,2262190000.0,4136.0,11527291.0,2081.0,12973501.0,1.3409117646540003,304041777.0,-2206900000.0,0.0,-2206900000.0,1000.0
2024-09-10T00:00:00,TCH,18.05,17.45,18.0,17.67006804738114,17.65,17.85,6745300.0,6745300.0,0.0,119189910000.0,0.0,288562.0,5073330000.0,136100.0,2420820000.0,5615.0,14274851.0,2989.0,13754210.0,1.3409117646540003,304057915.0,-2808970000.0,0.0,-2808970000.0,1000.0
2024-09-11T00:00:00,TCH,17.75,17.1,17.55,17.479013997529847,17.6,17.65,5829600.0,5829600.0,0.0,101895660000.0,0.0,610700.0,10675560000.0,128100.0,2228040000.0,4639.0,13755639.0,2517.0,11078270.0,1.3409117646540003,303846015.0,-4563885000.0,0.0,-4563885000.0,1000.0
2024-09-12T00:00:00,TCH,17.8,17.3,17.8,17.535405424470074,17.4,17.6,2835300.0,2835300.0,0.0,49718135000.0,0.0,383707.0,6692390000.0,3000.0,52570000.0,2120.0,5424160.0,1651.0,7072261.0,1.3409117646540003,303587708.0,12320000.0,0.0,12320000.0,1000.0
2024-09-13T00:00:00,TCH,17.8,17.35,17.4,17.567140306502008,17.8,17.4,4032600.0,4032600.0,0.0,70841250000.0,0.0,1105600.0,19528580000.0,131600.0,2306990000.0,2762.0,10081154.0,2326.0,8299936.0,1.3409117646540003,302618208.0,-115760000.0,0.0,-115760000.0,1000.0
2024-09-16T00:00:00,TCH,17.8,17.35,17.75,17.50459944474656,17.35,17.8,3493900.0,3493900.0,0.0,61159320000.0,0.0,96000.0,1666360000.0,483900.0,8502860000.0,2670.0,6733016.0,2078.0,9108544.0,1.3409117646540003,302650308.0,12285000.0,0.0,12285000.0,1000.0
2024-09-17T00:00:00,TCH,17.7,17.15,17.3,17.37582056396772,17.6,17.35,4411600.0,4411600.0,0.0,76655170000.0,0.0,152401.0,2655270000.0,168500.0,2918600000.0,3342.0,8746649.0,2659.0,9798357.0,1.3409117646540003,302500907.0,12040000.0,0.0,12040000.0,1000.0
2024-09-18T00:00:00,TCH,17.85,17.5,17.6,17.70738113817513,17.7,17.6,3588200.0,3588200.0,0.0,63537625000.0,0.0,702.0,12460000.0,116400.0,2061690000.0,2067.0,7232830.0,3345.0,15207550.0,1.3409117646540003,302631805.0,5310105000.0,0.0,5310105000.0,1000.0
2024-09-19T00:00:00,TCH,17.9,17.65,17.8,17.75280509478673,17.8,17.7,3376000.0,3376000.0,0.0,59933470000.0,0.0,1009.0,17890000.0,109100.0,1936140000.0,2008.0,6625053.0,2708.0,12051584.0,1.3409117646540003,303114696.0,3753450000.0,0.0,3753450000.0,1000.0
2024-09-20T00:00:00,TCH,18.1,17.6,18.0,17.79935352713966,17.7,17.8,4919000.0,4919000.0,0.0,87555020000.0,0.0,701201.0,12411650000.0,243500.0,4312740000.0,2427.0,7879680.0,3304.0,12352804.0,1.3409117646540003,302581995.0,-532500000.0,0.0,-532500000.0,1000.0
2024-09-23T00:00:00,TCH,17.7,17.35,17.5,17.47418870892566,17.4,17.7,3432800.0,3432800.0,0.0,59985395000.0,0.0,0.0,0.0,16500.0,288960000.0,3368.0,7697674.0,1918.0,7714758.0,1.3409117646540003,302698395.0,0.0,0.0,0.0,1000.0
2024-09-24T00:00:00,TCH,17.55,17.35,17.35,17.44582260904904,17.5,17.4,2952800.0,2952800.0,0.0,51514025000.0,0.0,285700.0,4986550000.0,324800.0,5661680000.0,3260.0,6944973.0,2447.0,6897865.0,1.3409117646540003,302521795.0,-12180000.0,0.0,-12180000.0,1000.0
2024-09-25T00:00:00,TCH,17.85,17.55,17.65,17.70418038846697,17.8,17.5,5951600.0,5951600.0,0.0,105368200000.0,0.0,73423.0,1302690000.0,55100.0,974580000.0,2884.0,11587072.0,3682.0,13479054.0,1.3409117646540003,302691872.0,-27705000.0,0.0,-27705000.0,1000.0
2024-09-26T00:00:00,TCH,18.2,17.8,17.8,18.096336012637643,18.15,17.8,10761500.0,10761500.0,0.0,194743720000.0,0.0,225972.0,4057420000.0,261500.0,4733360000.0,5937.0,18593255.0,6258.0,21973901.0,1.3409117646540003,302482400.0,-8053920000.0,0.0,-8053920000.0,1000.0
2024-09-27T00:00:00,TCH,18.35,18.0,18.3,18.15528785239151,18.05,18.15,5051200.0,5051200.0,0.0,91705990000.0,0.0,24250.0,440510000.0,141600.0,2575570000.0,3539.0,9237567.0,4012.0,13882054.0,1.3409117646540003,302782950.0,254120000.0,0.0,254120000.0,1000.0
2024-09-30T00:00:00,TCH,18.15,17.75,17.95,17.892762473300838,18.15,18.05,5477700.0,5477700.0,0.0,98011185000.0,0.0,412100.0,7446090000.0,58323.0,1041980000.0,3930.0,9670440.0,2388.0,11273421.0,1.3409117646540003,302425950.0,-571495000.0,0.0,-571495000.0,1000.0
2024-10-01T00:00:00,TCH,18.5,18.05,18.2,18.282549099836334,18.2,18.15,8798400.0,8798400.0,0.0,160857180000.0,0.0,177100.0,3229970000.0,200400.0,3647270000.0,4360.0,14401011.0,5244.0,19084587.0,1.3409117646540003,302510350.0,6764380000.0,0.0,6764380000.0,1000.0
2024-10-02T00:00:00,TCH,18.15,17.85,18.1,17.979807631126853,17.85,18.2,4714900.0,4714900.0,0.0,84772995000.0,0.0,114050.0,2048980000.0,22800.0,411240000.0,3731.0,7943073.0,2389.0,10101027.0,1.3409117646540003,302537900.0,4508325000.0,0.0,4508325000.0,1000.0
2024-10-03T00:00:00,TCH,17.95,17.15,17.85,17.502410350119128,17.2,17.85,9905200.0,9905200.0,0.0,173364875000.0,0.0,13603.0,237990000.0,28307.0,493620000.0,7042.0,15064928.0,3597.0,17420432.0,1.3409117646540003,302582620.0,-228930000.0,0.0,-228930000.0,1000.0
2024-10-04T00:00:00,TCH,17.4,17.2,17.2,17.29106482959989,17.2,17.2,4383800.0,4383800.0,0.0,75800570000.0,0.0,191600.0,3306410000.0,81486.0,1408280000.0,3037.0,7814126.0,2114.0,9817048.0,1.3409117646540003,302591420.0,-9765660000.0,0.0,-9765660000.0,1000.0
2024-10-07T00:00:00,TCH,17.4,17.1,17.3,17.24331453798409,17.3,17.2,2287800.0,2287800.0,0.0,39449255000.0,0.0,143200.0,2477270000.0,3200.0,55130000.0,2184.0,4462010.0,1636.0,6065353.0,1.3409117646540003,302471020.0,-24080000.0,0.0,-24080000.0,1000.0
2024-10-08T00:00:00,TCH,17.4,17.1,17.25,17.22664866478506,17.35,17.3,3684800.0,3684800.0,0.0,63476755000.0,0.0,254004.0,4397800000.0,1700.0,29280000.0,2990.0,6611975.0,1886.0,7047632.0,1.3409117646540003,302245323.0,-1734965000.0,0.0,-1734965000.0,1000.0
2024-10-09T00:00:00,TCH,17.5,17.25,17.35,17.356842233516677,17.35,17.35,2872600.0,2872600.0,0.0,49859265000.0,0.0,44800.0,777260000.0,205508.0,3559300000.0,1854.0,5985659.0,2029.0,8114841.0,1.3409117646540003,302282009.0,207730000.0,0.0,207730000.0,1000.0
2024-10-10T00:00:00,TCH,17.5,17.3,17.45,17.38885235434956,17.45,17.35,3132500.0,3132500.0,0.0,54470580000.0,0.0,236900.0,4125440000.0,46800.0,816660000.0,1711.0,7554958.0,2190.0,7456060.0,1.3409117646540003,302048309.0,163160000.0,0.0,163160000.0,1000.0
2024-10-11T00:00:00,TCH,17.75,17.4,17.45,17.603975328521724,17.55,17.45,3477700.0,3477700.0,0.0,61221345000.0,0.0,397800.0,6988170000.0,146871.0,2592260000.0,2313.0,6901735.0,3106.0,10700494.0,1.3409117646540003,301652209.0,-12355000.0,0.0,-12355000.0,1000.0
2024-10-14T00:00:00,TCH,16.95,16.35,16.4,16.456716339326118,16.45,17.55,35136700.0,35136700.0,0.0,578234705000.0,0.0,1342600.0,22210910000.0,981376.0,16100400000.0,15957.0,52276294.0,9395.0,68015599.0,1.3409117646540003,300515117.0,151235000.0,0.0,151235000.0,1000.0
2024-10-15T00:00:00,TCH,16.65,15.5,16.45,16.034241850052673,16.05,16.45,13703800.0,13668800.0,35000.0,219781345000.0,612500000.0,837300.0,13322050000.0,73300.0,1183050000.0,10675.0,23127872.0,5100.0,26160487.0,1.3409117646540003,299724617.0,3254226000.0,0.0,3254226000.0,1000.0
2024-10-16T00:00:00,TCH,16.55,16.15,16.5,16.30308784219744,16.2,16.05,5424500.0,5424500.0,0.0,88436100000.0,0.0,139200.0,2259670000.0,159300.0,2597670000.0,3841.0,10252737.0,3875.0,20571798.0,1.3409117646540003,299732288.0,-22995000.0,0.0,-22995000.0,1000.0
2024-10-17T00:00:00,TCH,16.7,15.85,16.2,16.30196259109893,16.4,16.2,8356300.0,8356300.0,0.0,136224090000.0,0.0,514800.0,8357740000.0,381600.0,6194480000.0,5453.0,16703922.0,4815.0,19158054.0,1.3409117646540003,300198864.0,-691815000.0,0.0,-691815000.0,1000.0
2024-10-18T00:00:00,TCH,16.5,16.15,16.45,16.249419486932435,16.2,16.4,4151500.0,4151500.0,0.0,67459465000.0,0.0,165400.0,2682910000.0,408334.0,6645960000.0,3784.0,8196475.0,2827.0,12692357.0,1.3409117646540003,300106764.0,-2579550000.0,0.0,-2579550000.0,1000.0
2024-10-21T00:00:00,TCH,16.2,15.5,16.2,15.7994684288332,15.5,16.2,11296700.0,11296700.0,0.0,178481855000.0,0.0,9600.0,152780000.0,1832100.0,28779540000.0,6987.0,15905921.0,3541.0,21559120.0,1.3409117646540003,300256464.0,-11165000.0,0.0,-11165000.0,1000.0
2024-10-22T00:00:00,TCH,15.85,15.5,15.5,15.676916589211332,15.75,15.5,5809800.0,5809800.0,0.0,91079750000.0,0.0,303800.0,4766650000.0,198800.0,3118970000.0,4410.0,12283902.0,3924.0,15361001.0,1.3409117646540003,300334264.0,-33110000.0,0.0,-33110000.0,1000.0
2024-10-23T00:00:00,TCH,15.9,15.45,15.75,15.737185585585586,15.85,15.75,4162500.0,4162500.0,0.0,65506035000.0,0.0,324400.0,5098750000.0,363700.0,5724920000.0,2952.0,8695997.0,2981.0,11078360.0,1.3409117646540003,300418198.0,1258375000.0,0.0,1258375000.0,1000.0
2024-10-24T00:00:00,TCH,15.85,15.55,15.85,15.714967939158962,15.75,15.85,2682400.0,2682400.0,0.0,42153830000.0,0.0,323800.0,5091860000.0,7400.0,116970000.0,2413.0,5983026.0,2137.0,8470108.0,1.3409117646540003,301926498.0,-330665000.0,0.0,-330665000.0,1000.0
2024-10-25T00:00:00,TCH,15.8,15.5,15.7,15.654531726201917,15.6,15.75,3642100.0,3642100.0,0.0,57015370000.0,0.0,388500.0,6093230000.0,131300.0,2056350000.0,3065.0,7157388.0,2201.0,13225540.0,1.3409117646540003,301736798.0,-1690800000.0,0.0,-1690800000.0,1000.0
2024-10-28T00:00:00,TCH,15.75,15.55,15.7,15.653490155970339,15.7,15.6,2346600.0,2346600.0,0.0,36732480000.0,0.0,372100.0,5824780000.0,18000.0,281700000.0,1755.0,5684888.0,1546.0,8764690.0,1.3409117646540003,301728398.0,770915000.0,0.0,770915000.0,1000.0
2024-10-29T00:00:00,TCH,16.4,15.8,15.8,16.137714771878372,16.1,15.7,7228600.0,7228600.0,0.0,116653085000.0,0.0,623300.0,10048060000.0,559600.0,9035230000.0,3681.0,14363916.0,5003.0,18510605.0,1.3409117646540003,301112498.0,2425000000.0,0.0,2425000000.0,1000.0
2024-10-30T00:00:00,TCH,16.3,16.05,16.2,16.127127460752554,16.1,16.1,3210400.0,3210400.0,0.0,51774530000.0,0.0,1800.0,28960000.0,308100.0,4986220000.0,2064.0,6220302.0,2963.0,10715922.0,1.3409117646540003,301241998.0,-1268000.0,0.0,-1268000.0,1000.0
2024-10-31T00:00:00,TCH,16.35,16.0,16.1,16.151731533644085,16.15,16.1,3496900.0,3496900.0,0.0,56480990000.0,0.0,200000.0,3230000000.0,366600.0,5907450000.0,1853.0,6347640.0,2778.0,11624570.0,1.3409117646540003,301059998.0,-1671840000.0,0.0,-1671840000.0,1000.0
2024-11-01T00:00:00,TCH,16.1,15.7,16.05,15.886609785826224,15.8,16.15,4020100.0,4020100.0,0.0,63865760000.0,0.0,2000.0,31950000.0,781500.0,12433130000.0,3671.0,7932016.0,2031.0,12787017.0,1.3409117646540003,301617598.0,2788385000.0,0.0,2788385000.0,1000.0
2024-11-04T00:00:00,TCH,15.75,15.05,15.5,15.373948931956429,15.25,15.8,7069000.0,7069000.0,0.0,108678445000.0,0.0,258900.0,3945840000.0,1214900.0,18635820000.0,6419.0,15525706.0,2224.0,17775012.0,1.3409117646540003,301666798.0,-145350000.0,0.0,-145350000.0,1000.0
2024-11-05T00:00:00,TCH,15.5,15.1,15.1,15.295273988992582,15.3,15.25,2925300.0,2925300.0,0.0,44743265000.0,0.0,70700.0,1082270000.0,333400.0,5107650000.0,2806.0,7869032.0,1815.0,7126123.0,1.3409117646540003,301962698.0,-62865000.0,0.0,-62865000.0,1000.0
2024-11-06T00:00:00,TCH,15.5,15.3,15.45,15.390118765576444,15.5,15.3,3250100.0,3250100.0,0.0,50019425000.0,0.0,254600.0,3924150000.0,47450.0,731580000.0,2560.0,6859717.0,1914.0,6637771.0,1.3409117646540003,302489598.0,-7725000.0,0.0,-7725000.0,1000.0
2024-11-07T00:00:00,TCH,15.85,15.45,15.55,15.600523042462946,15.5,15.5,4196600.0,4196600.0,0.0,65469155000.0,0.0,172000.0,2668240000.0,694300.0,10843130000.0,2651.0,7940458.0,2357.0,9886141.0,1.3409117646540003,303532498.0,517475000.0,0.0,517475000.0,1000.0
2024-11-08T00:00:00,TCH,15.6,15.25,15.5,15.395954649726487,15.5,15.5,3400200.0,3400200.0,0.0,52349325000.0,0.0,4000.0,61600000.0,282100.0,4347900000.0,3013.0,5851467.0,1634.0,7498823.0,1.3409117646540003,303861898.0,-182420000.0,0.0,-182420000.0,1000.0
2024-11-11T00:00:00,TCH,15.4,15.0,15.4,15.169796382269654,15.2,15.5,5191100.0,5191100.0,0.0,78747930000.0,0.0,104000.0,1580780000.0,188600.0,2873970000.0,4260.0,9345904.0,1968.0,10175694.0,1.3409117646540003,303805348.0,-236650000.0,0.0,-236650000.0,1000.0
2024-11-12T00:00:00,TCH,15.5,15.1,15.25,15.227131190044076,15.1,15.2,3857000.0,3857000.0,0.0,58731045000.0,0.0,230400.0,3530040000.0,1261900.0,19171550000.0,3700.0,8576677.0,2072.0,8453092.0,1.3409117646540003,304269248.0,292830000.0,0.0,292830000.0,1000.0
2024-11-13T00:00:00,TCH,15.15,14.8,15.05,14.954535915653207,14.95,15.1,3955100.0,3955100.0,0.0,59146685000.0,0.0,192125.0,2868230000.0,288900.0,4314920000.0,4058.0,10189105.0,2080.0,9000803.0,1.3409117646540003,304359223.0,-2839005000.0,0.0,-2839005000.0,1000.0
2024-11-14T00:00:00,TCH,15.05,14.5,14.95,14.776298739201495,14.5,14.95,3548400.0,3426400.0,122000.0,52459510000.0,1830000000.0,25800.0,383800000.0,179400.0,2655120000.0,2641.0,5637037.0,1562.0,7350177.0,1.3409117646540003,304522023.0,0.0,0.0,0.0,1000.0
2024-11-15T00:00:00,TCH,14.5,14.0,14.4,14.229972228017106,14.2,14.5,7669600.0,7669600.0,0.0,109138195000.0,0.0,1510707.0,21440580000.0,30100.0,434570000.0,5004.0,16623796.0,2595.0,14196720.0,1.3409117646540003,304273216.0,-227200000.0,0.0,-227200000.0,1000.0
2024-11-18T00:00:00,TCH,15.15,14.15,14.2,14.770635870761778,15.15,14.2,7267200.0,7267200.0,0.0,107341165000.0,0.0,1005000.0,14579580000.0,261700.0,3903820000.0,4470.0,17836159.0,3467.0,10875522.0,1.3409117646540003,303557116.0,-347800000.0,0.0,-347800000.0,1000.0
2024-11-19T00:00:00,TCH,15.45,15.05,15.3,15.228557308496484,15.2,15.15,5261000.0,5261000.0,0.0,80117440000.0,0.0,263200.0,3993750000.0,477200.0,7268170000.0,2903.0,11189395.0,4088.0,13724811.0,1.3409117646540003,303473316.0,0.0,0.0,0.0,1000.0
2024-11-20T00:00:00,TCH,16.0,14.95,15.15,15.619129821171478,15.75,15.2,10557600.0,10557600.0,0.0,164900525000.0,0.0,805900.0,12454970000.0,1327900.0,20848810000.0,4659.0,19727945.0,6639.0,23607183.0,1.3409117646540003,302697516.0,-121200000.0,0.0,-121200000.0,1000.0
2024-11-21T00:00:00,TCH,15.8,15.45,15.7,15.598506887731517,15.75,15.75,3434900.0,3244900.0,190000.0,53399095000.0,2783500000.0,175800.0,2753090000.0,236600.0,3702900000.0,2436.0,6782318.0,2414.0,9984493.0,1.3409117646540003,302783416.0,0.0,0.0,0.0,1000.0
2024-11-22T00:00:00,TCH,15.7,15.2,15.7,15.43318187708556,15.5,15.75,6173400.0,6173400.0,0.0,95275205000.0,0.0,109905.0,1703960000.0,685200.0,10572550000.0,3706.0,10629717.0,2710.0,15601490.0,1.3409117646540003,303150711.0,32550000.0,0.0,32550000.0,1000.0
2024-11-25T00:00:00,TCH,15.5,15.25,15.4,15.345406842674949,15.25,15.5,4249800.0,4249800.0,0.0,65214910000.0,0.0,664100.0,10205240000.0,1386500.0,21228080000.0,2884.0,9898910.0,2732.0,9952009.0,1.3409117646540003,303814511.0,0.0,0.0,0.0,1000.0
2024-11-26T00:00:00,TCH,16.15,15.3,15.35,15.785939487913485,15.65,15.25,7545600.0,7545600.0,0.0,119114385000.0,0.0,819000.0,12927030000.0,223600.0,3552390000.0,3856.0,17606268.0,5720.0,20298305.0,1.3409117646540003,303232111.0,11095000.0,0.0,11095000.0,1000.0
2024-11-27T00:00:00,TCH,15.7,15.45,15.7,15.5618087327322,15.6,15.65,2251300.0,2251300.0,0.0,35034300000.0,0.0,1800.0,28010000.0,70200.0,1092040000.0,2387.0,6045293.0,1683.0,7477861.0,1.3409117646540003,303915511.0,84005000.0,0.0,84005000.0,1000.0
2024-11-28T00:00:00,TCH,15.85,15.5,15.8,15.635140059212024,15.65,15.6,3951900.0,3951900.0,0.0,61788510000.0,0.0,1000.0,15750000.0,137200.0,2160100000.0,2074.0,8097447.0,2998.0,11874658.0,1.3409117646540003,305301011.0,-777500000.0,0.0,-777500000.0,1000.0
2024-11-29T00:00:00,TCH,15.7,15.45,15.55,15.544737781403768,15.6,15.65,3922300.0,3922300.0,0.0,60971125000.0,0.0,106700.0,1664390000.0,182000.0,2839860000.0,2551.0,7625738.0,2073.0,9882797.0,1.3409117646540003,305417911.0,689520000.0,0.0,689520000.0,1000.0
2024-12-02T00:00:00,TCH,15.95,15.45,15.6,15.722789502410626,15.6,15.6,5150596.0,4397200.0,753396.0,80679227600.0,11542977600.0,742496.0,11596330000.0,831196.0,13030590000.0,2928.0,9309391.0,3511.0,14157607.0,1.3409117646540003,305299011.0,-21770000.0,0.0,-21770000.0,1000.0
2024-12-03T00:00:00,TCH,15.8,15.5,15.65,15.631865264172152,15.5,15.6,4233000.0,2490800.0,1742200.0,64284860000.0,25349010000.0,27400.0,428010000.0,124500.0,1952450000.0,1871.0,5030234.0,2379.0,9394040.0,1.3409117646540003,305408811.0,-32690000.0,0.0,-32690000.0,1000.0
2024-12-04T00:00:00,TCH,15.6,15.25,15.45,15.411928699254016,15.3,15.5,4973300.0,4973300.0,0.0,76648145000.0,0.0,299700.0,4607470000.0,58800.0,908880000.0,3328.0,8859476.0,2150.0,11824311.0,1.3409117646540003,305291111.0,-687075000.0,0.0,-687075000.0,1000.0
2024-12-05T00:00:00,TCH,16.05,15.1,15.4,15.738415155319318,16.0,15.3,7487800.0,7487800.0,0.0,117846105000.0,0.0,983900.0,15394650000.0,48024.0,743730000.0,3541.0,15259699.0,4102.0,16690457.0,1.3409117646540003,304585011.0,21420000.0,0.0,21420000.0,1000.0
2024-12-06T00:00:00,TCH,16.2,15.7,16.1,15.852458283671035,15.8,16.0,4698400.0,4698400.0,0.0,74481190000.0,0.0,141600.0,2241290000.0,594800.0,9454220000.0,2924.0,9045323.0,3363.0,15015485.0,1.3409117646540003,304567911.0,0.0,0.0,0.0,1000.0
2024-12-09T00:00:00,TCH,16.2,15.6,15.65,15.898904233610208,15.9,15.8,6958600.0,6958600.0,0.0,110634115000.0,0.0,403100.0,6387090000.0,776100.0,12387870000.0,3662.0,14615023.0,3944.0,16841908.0,1.3409117646540003,304223611.0,0.0,0.0,0.0,1000.0
2024-12-10T00:00:00,TCH,16.0,15.7,15.9,15.822088019099075,15.75,15.9,3183400.0,3183400.0,0.0,50368035000.0,0.0,7600.0,120050000.0,707400.0,11213650000.0,2228.0,6409387.0,2405.0,12306201.0,1.3409117646540003,304264035.0,0.0,0.0,0.0,1000.0
2024-12-11T00:00:00,TCH,15.85,15.55,15.75,15.673918406421445,15.7,15.75,2715900.0,2715900.0,0.0,42568795000.0,0.0,8400.0,131700000.0,271900.0,4260110000.0,2102.0,5839972.0,1852.0,10067304.0,1.3409117646540003,304850435.0,-760555000.0,0.0,-760555000.0,1000.0
2024-12-12T00:00:00,TCH,15.75,15.55,15.7,15.65785218949665,15.7,15.7,2566800.0,2566800.0,0.0,40190575000.0,0.0,75200.0,1178150000.0,141700.0,2219730000.0,1929.0,5505416.0,1639.0,8895728.0,1.3409117646540003,305551335.0,9390000.0,0.0,9390000.0,1000.0
2024-12-13T00:00:00,TCH,15.65,15.35,15.65,15.486954639889197,15.5,15.7,3465600.0,3465600.0,0.0,53671590000.0,0.0,18600.0,287260000.0,605900.0,9389140000.0,2458.0,6472666.0,1817.0,9864789.0,1.3409117646540003,306240135.0,0.0,0.0,0.0,1000.0
2024-12-16T00:00:00,TCH,15.5,15.2,15.4,15.309933314241295,15.3,15.5,2444300.0,2444300.0,0.0,37422070000.0,0.0,12400.0,189720000.0,80500.0,1239750000.0,2258.0,5124658.0,1410.0,9059876.0,1.3409117646540003,306499635.0,-43120000.0,0.0,-43120000.0,1000.0
2024-12-17T00:00:00,TCH,15.4,15.15,15.4,15.25226618705036,15.3,15.3,2224000.0,2224000.0,0.0,33921040000.0,0.0,0.0,0.0,203391.0,3103420000.0,1992.0,4503817.0,1443.0,6569904.0,1.3409117646540003,306641335.0,-12024000.0,0.0,-12024000.0,1000.0
2024-12-18T00:00:00,TCH,15.5,15.25,15.25,15.395120940591497,15.5,15.3,1930700.0,1930700.0,0.0,29723360000.0,0.0,139100.0,2140110000.0,220100.0,3380580000.0,1154.0,5847316.0,1644.0,6394247.0,1.3409117646540003,307108135.0,-10780000.0,0.0,-10780000.0,1000.0
2024-12-19T00:00:00,TCH,15.3,14.9,15.15,15.13297568537859,15.1,15.5,6128000.0,6128000.0,0.0,92734875000.0,0.0,276000.0,4172230000.0,1302600.0,19747560000.0,3711.0,10239122.0,2050.0,14139807.0,1.3409117646540003,306912635.0,1507500000.0,0.0,1507500000.0,1000.0
2024-12-20T00:00:00,TCH,15.2,15.0,15.1,15.087949849548647,15.0,15.1,2492500.0,2492500.0,0.0,37606715000.0,0.0,0.0,0.0,768089.0,11531530000.0,1929.0,5182531.0,1617.0,6366084.0,1.3409117646540003,307116026.0,0.0,0.0,0.0,1000.0
2024-12-23T00:00:00,TCH,15.45,15.1,15.2,15.245433846153846,15.3,15.0,2612200.0,2437500.0,174700.0,39964680000.0,2803935000.0,464800.0,7076960000.0,46700.0,714460000.0,1840.0,5813856.0,1856.0,7289343.0,1.3409117646540003,306871326.0,0.0,0.0,0.0,1000.0
2024-12-24T00:00:00,TCH,15.3,14.85,15.1,14.999278441139843,15.1,15.3,4095300.0,4095300.0,0.0,61426545000.0,0.0,83200.0,1253090000.0,266100.0,4000790000.0,3744.0,7721290.0,1917.0,12317608.0,1.3409117646540003,308090726.0,-1499395000.0,0.0,-1499395000.0,1000.0
2024-12-25T00:00:00,TCH,15.6,14.9,15.1,15.304615226196196,15.6,15.1,7458200.0,7283500.0,174700.0,113925700000.0,2454535000.0,1377100.0,21235230000.0,10728.0,164870000.0,3485.0,14696028.0,3659.0,13884896.0,1.3409117646540003,307481715.0,3944500000.0,0.0,3944500000.0,1000.0
2024-12-26T00:00:00,TCH,15.7,15.35,15.7,15.523634965765348,15.65,15.6,3446800.0,3446800.0,0.0,53506865000.0,0.0,1043900.0,16268490000.0,341600.0,5303580000.0,1901.0,6375812.0,2826.0,10907092.0,1.3409117646540003,306484515.0,985605000.0,0.0,985605000.0,1000.0
2024-12-27T00:00:00,TCH,15.7,15.35,15.7,15.483889511609288,15.45,15.65,3122500.0,3122500.0,0.0,48348445000.0,0.0,1002100.0,15586270000.0,145500.0,2254170000.0,1658.0,5940412.0,2731.0,9906624.0,1.3409117646540003,305748515.0,0.0,0.0,0.0,1000.0
2024-12-30T00:00:00,TCH,15.45,15.15,15.35,15.282370963497613,15.25,15.45,2660100.0,2660100.0,0.0,40652635000.0,0.0,74304.0,1134300000.0,144600.0,2217110000.0,1629.0,4424371.0,1517.0,7287576.0,1.3409117646540003,305684939.0,-1505590000.0,0.0,-1505590000.0,1000.0
2024-12-31T00:00:00,TCH,15.4,15.1,15.1,15.215368732887473,15.15,15.25,2227900.0,2227900.0,0.0,33898320000.0,0.0,51646.0,782520000.0,106100.0,1619990000.0,1526.0,4832400.0,1657.0,8913383.0,1.3409117646540003,305974893.0,-15200000.0,0.0,-15200000.0,1000.0
2025-01-02T00:00:00,TCH,15.25,15.1,15.15,15.1571128118245,15.15,15.15,1711700.0,1711700.0,0.0,25944430000.0,0.0,100000.0,1515000000.0,223000.0,3380420000.0,1378.0,3658183.0,1314.0,7149486.0,1.3409117646540003,306020393.0,0.0,0.0,0.0,1000.0
2025-01-03T00:00:00,TCH,15.15,14.8,15.15,14.969404773017207,14.8,15.15,3213900.0,3213900.0,0.0,48110170000.0,0.0,8600.0,129150000.0,603300.0,9062600000.0,2308.0,4545848.0,1795.0,9612229.0,1.3409117646540003,306156393.0,0.0,0.0,0.0,1000.0
2025-01-06T00:00:00,TCH,14.9,14.1,14.8,14.503108425898128,14.3,14.8,3997200.0,3997200.0,0.0,57971825000.0,0.0,175000.0,2502200000.0,136700.0,1999340000.0,2905.0,6990328.0,1694.0,9593096.0,1.3409117646540003,306087493.0,715000000.0,0.0,715000000.0,1000.0
2025-01-07T00:00:00,TCH,14.4,14.0,14.4,14.177770791654758,14.1,14.3,3499001.0,3499000.0,1.0,49608033300.0,13300.0,203211.0,2861670000.0,72550.0,1034530000.0,2490.0,6090082.0,1496.0,6583567.0,1.3409117646540003,306107282.0,-226800000.0,0.0,-226800000.0,1000.0
2025-01-08T00:00:00,TCH,14.45,13.9,14.1,14.169175785711653,14.35,14.1,2984101.0,2714100.0,270001.0,42007073150.0,3550513150.0,212700.0,3023730000.0,67300.0,954240000.0,2004.0,7169819.0,1669.0,6016230.0,1.3409117646540003,306497882.0,-735350000.0,0.0,-735350000.0,1000.0
2025-01-09T00:00:00,TCH,14.45,14.1,14.4,14.220840636375893,14.1,14.35,1483400.0,1483400.0,0.0,21095195000.0,0.0,2500.0,35630000.0,241000.0,3424940000.0,1244.0,2830334.0,1170.0,3895395.0,1.3409117646540003,306632082.0,1435000000.0,0.0,1435000000.0,1000.0
2025-01-10T00:00:00,TCH,14.2,13.5,14.15,13.852404236599892,13.5,14.1,2955200.0,2955200.0,0.0,40936625000.0,0.0,26000.0,351280000.0,200000.0,2809500000.0,2041.0,5163331.0,1345.0,6021217.0,1.3409117646540003,306678632.0,0.0,0.0,0.0,1000.0
2025-01-13T00:00:00,TCH,13.9,13.3,13.3,13.607971640294183,13.9,13.5,3689600.0,3589600.0,100000.0,50197175000.0,1350000000.0,669900.0,9090330000.0,42100.0,566810000.0,2207.0,8302772.0,1653.0,6237676.0,1.3409117646540003,306076032.0,0.0,0.0,0.0,1000.0
2025-01-14T00:00:00,TCH,13.9,13.65,13.85,13.739466613986567,13.65,13.9,1265500.0,1265500.0,0.0,17387295000.0,0.0,5800.0,79440000.0,103600.0,1422260000.0,1160.0,2870113.0,946.0,3937507.0,1.3409117646540003,306311232.0,0.0,0.0,0.0,1000.0
2025-01-15T00:00:00,TCH,13.95,13.75,13.75,13.83409035334393,13.9,13.65,1635800.0,1635800.0,0.0,22629805000.0,0.0,6500.0,89380000.0,24000.0,332320000.0,1294.0,3979847.0,1412.0,3619984.0,1.3409117646540003,306504732.0,-38675000.0,0.0,-38675000.0,1000.0
2025-01-16T00:00:00,TCH,14.2,13.75,13.9,13.97177126841064,13.8,13.9,1819600.0,1819600.0,0.0,25423035000.0,0.0,53900.0,744410000.0,231600.0,3252230000.0,1280.0,3258238.0,1524.0,5912189.0,1.3409117646540003,306492932.0,-108045000.0,0.0,-108045000.0,1000.0
2025-01-17T00:00:00,TCH,14.25,13.75,13.85,14.09938264095858,14.2,13.8,3710077.0,3288200.0,421877.0,52352243400.0,5990653400.0,722477.0,10256960000.0,596725.0,8453320000.0,1401.0,5798787.0,2076.0,7598660.0,1.3409117646540003,306295932.0,2838000000.0,0.0,2838000000.0,1000.0
2025-01-20T00:00:00,TCH,14.3,14.0,14.2,14.086240594604515,14.0,14.2,1089800.0,1089800.0,0.0,15351185000.0,0.0,7400.0,104520000.0,44400.0,627710000.0,1096.0,2310040.0,1148.0,3145187.0,1.3409117646540003,306312532.0,69245000.0,0.0,69245000.0,1000.0
2025-01-21T00:00:00,TCH,14.25,13.95,14.1,14.06419387705594,14.1,14.0,2448173.0,2061100.0,387073.0,34445439300.0,5457729300.0,390373.0,5504010000.0,417273.0,5883710000.0,1064.0,4871976.0,1372.0,4682903.0,1.3409117646540003,306540832.0,9870000.0,0.0,9870000.0,1000.0
2025-01-22T00:00:00,TCH,14.2,14.0,14.15,14.060067429156708,14.0,14.1,2543200.0,2343200.0,200000.0,35805550000.0,2860000000.0,181500.0,2552570000.0,281000.0,3998900000.0,1196.0,4074571.0,1956.0,5358786.0,1.3409117646540003,306534180.0,0.0,-2860000000.0,-2860000000.0,1000.0
2025-01-23T00:00:00,TCH,14.5,14.1,14.2,14.268729481286933,14.4,14.0,3350600.0,3350600.0,0.0,47808805000.0,0.0,921900.0,13239070000.0,10800.0,154450000.0,1280.0,6204174.0,2132.0,5688271.0,1.3409117646540003,305656680.0,0.0,0.0,0.0,1000.0
2025-01-24T00:00:00,TCH,15.25,14.4,14.45,14.823081623117565,15.2,14.4,5564600.0,5564600.0,0.0,82484520000.0,0.0,487000.0,7309880000.0,158400.0,2354150000.0,1922.0,12517391.0,3326.0,9479202.0,1.3409117646540003,305199880.0,334400000.0,0.0,334400000.0,1000.0
2025-02-03T00:00:00,TCH,15.2,14.85,15.1,15.039433854501322,15.2,15.2,2801400.0,2801400.0,0.0,42131470000.0,0.0,20800.0,309920000.0,287200.0,4320120000.0,1552.0,4465070.0,1519.0,6064323.0,1.3409117646540003,305460080.0,32400000.0,0.0,32400000.0,1000.0
2025-02-04T00:00:00,TCH,15.55,15.1,15.15,15.317180603110433,15.5,15.2,5120200.0,4848200.0,272000.0,78395375000.0,4134620000.0,218600.0,3330170000.0,173900.0,2665700000.0,1329.0,7487009.0,2480.0,9219101.0,1.3409117646540003,305252280.0,26777205000.0,-334752000.0,26442453000.0,1000.0
2025-02-05T00:00:00,TCH,15.85,15.5,15.5,15.68886722325973,15.65,15.5,5461800.0,5461800.0,0.0,85689455000.0,0.0,311400.0,4880180000.0,239400.0,3751980000.0,1758.0,8867418.0,4089.0,13807032.0,1.3409117646540003,305099280.0,35916840000.0,0.0,35916840000.0,1000.0
2025-02-06T00:00:00,TCH,15.7,15.3,15.7,15.451327978333795,15.45,15.65,3249300.0,3249300.0,0.0,50206000000.0,0.0,70100.0,1079540000.0,107800.0,1670280000.0,1449.0,5199341.0,2191.0,9365745.0,1.3409117646540003,305316380.0,20386920000.0,0.0,20386920000.0,1000.0
2025-02-07T00:00:00,TCH,15.55,15.25,15.5,15.367218883835198,15.3,15.45,6661400.0,3012100.0,3649300.0,102815257000.0,56527657000.0,3743604.0,57979910000.0,33000.0,507330000.0,1807.0,5741536.0,1735.0,7449115.0,1.3409117646540003,301746676.0,15427995000.0,-56534956000.0,-41106961000.0,1000.0
2025-02-10T00:00:00,TCH,15.25,15.05,15.2,15.134628115505272,15.1,15.3,5399000.0,4048300.0,1350700.0,82151337000.0,20881822000.0,1881800.0,28924120000.0,63500.0,961520000.0,2296.0,7535459.0,1307.0,7410677.0,1.3409117646540003,300104276.0,4505080000.0,-20881822000.0,-16376742000.0,1000.0
2025-02-11T00:00:00,TCH,15.5,15.1,15.15,15.313534160037436,15.35,15.1,4274000.0,4274000.0,0.0,65450045000.0,0.0,348300.0,5308220000.0,262300.0,4019070000.0,1629.0,8781622.0,2646.0,8875238.0,1.3409117646540003,299863776.0,24492730000.0,0.0,24492730000.0,1000.0
2025-02-12T00:00:00,TCH,15.45,15.2,15.35,15.296501439479284,15.2,15.35,1597800.0,1597800.0,0.0,24440750000.0,0.0,61400.0,940760000.0,81900.0,1253050000.0,1684.0,3470132.0,1409.0,5956245.0,1.3409117646540003,299835376.0,6140000.0,0.0,6140000.0,1000.0
2025-02-13T00:00:00,TCH,15.4,15.15,15.15,15.290855255443068,15.4,15.2,4158300.0,2558300.0,1600000.0,63614595000.0,24496000000.0,1711500.0,26203480000.0,208400.0,3179200000.0,1540.0,5790873.0,1713.0,6999480.0,1.3409117646540003,298187376.0,-215320000.0,-24505600000.0,-24720920000.0,1000.0
2025-02-14T00:00:00,TCH,15.75,15.45,15.55,15.59346830783389,15.45,15.4,4346500.0,4346500.0,0.0,67777010000.0,0.0,61700.0,962520000.0,419700.0,6553320000.0,2073.0,7264237.0,3663.0,13726854.0,1.3409117646540003,298387976.0,-625500000.0,0.0,-625500000.0,1000.0
2025-02-17T00:00:00,TCH,15.65,15.35,15.5,15.478634918464326,15.45,15.45,2925100.0,2925100.0,0.0,45276555000.0,0.0,39100.0,604490000.0,214400.0,3323080000.0,1360.0,5078131.0,2034.0,8385100.0,1.3409117646540003,298430776.0,14850965000.0,0.0,14850965000.0,1000.0
2025-02-18T00:00:00,TCH,15.9,15.4,15.4,15.71345847464311,15.75,15.45,6339500.0,6339500.0,0.0,99615470000.0,0.0,562000.0,8835420000.0,470400.0,7402590000.0,2214.0,11248475.0,3906.0,16692800.0,1.3409117646540003,298077176.0,23176320000.0,0.0,23176320000.0,1000.0
2025-02-19T00:00:00,TCH,16.85,15.75,15.9,16.56567846550675,16.85,15.75,21702600.0,20702600.0,1000000.0,358452615000.0,15500000000.0,3565600.0,58409660000.0,305500.0,4954570000.0,6945.0,44093721.0,6994.0,28086902.0,1.3409117646540003,294923276.0,11106305000.0,-15505000000.0,-4398695000.0,1000.0
2025-02-20T00:00:00,TCH,17.1,16.8,17.05,16.94242189581668,16.9,16.85,7004800.0,6004800.0,1000000.0,117445855000.0,15710000000.0,2359600.0,38741060000.0,199500.0,3397130000.0,2716.0,10593607.0,4549.0,16063561.0,1.3409117646540003,292778076.0,-175107000.0,-15713000000.0,-15888107000.0,1000.0
2025-02-21T00:00:00,TCH,17.2,16.65,16.9,16.846909679650413,17.0,16.9,6361800.0,6361800.0,0.0,107176670000.0,0.0,691500.0,11613630000.0,515100.0,8741330000.0,2976.0,15662723.0,3910.0,15065929.0,1.3409117646540003,292556976.0,1628140000.0,0.0,1628140000.0,1000.0
2025-02-24T00:00:00,TCH,17.0,16.55,17.0,16.744162427765666,17.0,17.0,5779800.0,5779800.0,0.0,96777910000.0,0.0,155100.0,2623120000.0,664900.0,11132810000.0,3170.0,10252592.0,2470.0,11329813.0,1.3409117646540003,292707376.0,107160000.0,0.0,107160000.0,1000.0
2025-02-25T00:00:00,TCH,17.35,16.85,17.1,17.05473909174691,17.1,17.0,6293400.0,6293400.0,0.0,107332295000.0,0.0,180300.0,3098010000.0,479870.0,8246210000.0,2763.0,12077893.0,3692.0,15085842.0,1.3409117646540003,292726576.0,4808015000.0,0.0,4808015000.0,1000.0
2025-02-26T00:00:00,TCH,17.15,16.8,17.15,16.97864808203255,17.05,17.1,4817600.0,4817600.0,0.0,81796335000.0,0.0,47300.0,806100000.0,7100.0,121420000.0,2491.0,8721801.0,2404.0,11605625.0,1.3409117646540003,293190376.0,16632555000.0,0.0,16632555000.0,1000.0
2025-02-27T00:00:00,TCH,17.65,17.0,17.05,17.44791883130377,17.65,17.05,14436600.0,14436600.0,0.0,251888625000.0,0.0,2552000.0,44411340000.0,148700.0,2595050000.0,4940.0,34199363.0,6380.0,28304206.0,1.3409117646540003,291303276.0,17897745000.0,0.0,17897745000.0,1000.0
2025-02-28T00:00:00,TCH,17.75,17.3,17.7,17.514456614619746,17.5,17.65,7723800.0,7723800.0,0.0,135278160000.0,0.0,1124200.0,19684680000.0,767900.0,13465810000.0,3583.0,15126264.0,3429.0,18226455.0,1.3409117646540003,290658946.0,-35697315000.0,0.0,-35697315000.0,1000.0
2025-03-03T00:00:00,TCH,17.8,17.35,17.5,17.629316004062467,17.8,17.5,6793900.0,6793900.0,0.0,119771810000.0,0.0,2189300.0,38620370000.0,116200.0,2044480000.0,2500.0,15984191.0,3430.0,14517016.0,1.3409117646540003,288476746.0,-3331600000.0,0.0,-3331600000.0,1000.0
2025-03-04T00:00:00,TCH,17.8,17.15,17.65,17.51651372374891,17.55,17.8,6080700.0,6080700.0,0.0,106512665000.0,0.0,579700.0,10187850000.0,158500.0,2790250000.0,3646.0,12260461.0,3266.0,13969559.0,1.3409117646540003,288045746.0,2596110000.0,0.0,2596110000.0,1000.0
2025-03-05T00:00:00,TCH,17.65,17.1,17.5,17.426887324655205,17.1,17.55,5938300.0,5938300.0,0.0,103486085000.0,0.0,809200.0,14176030000.0,204400.0,3574800000.0,2951.0,9588874.0,2806.0,13427445.0,1.3409117646540003,288004446.0,-7989610000.0,0.0,-7989610000.0,1000.0
2025-03-06T00:00:00,TCH,17.4,17.05,17.15,17.207104921825703,17.3,17.1,5705200.0,5705200.0,0.0,98169975000.0,0.0,585300.0,10084810000.0,207300.0,3567140000.0,3115.0,15044026.0,2162.0,11085439.0,1.3409117646540003,287535346.0,-10494400000.0,0.0,-10494400000.0,1000.0
2025-03-07T00:00:00,TCH,18.15,17.35,17.4,17.7805656144714,17.75,17.3,11902100.0,11902100.0,0.0,211626070000.0,0.0,3468700.0,61724750000.0,119311.0,2109410000.0,4901.0,20920204.0,6314.0,22558028.0,1.3409117646540003,284225146.0,-3280270000.0,0.0,-3280270000.0,1000.0
2025-03-10T00:00:00,TCH,18.1,17.7,17.95,17.864120039772214,17.85,17.75,5531500.0,5531500.0,0.0,98815380000.0,0.0,1412800.0,25222420000.0,211300.0,3776350000.0,2638.0,9686297.0,4065.0,13482325.0,1.3409117646540003,283016746.0,856820000.0,0.0,856820000.0,1000.0
2025-03-11T00:00:00,TCH,17.9,17.4,17.4,17.623219989152705,17.9,17.85,6637600.0,6637600.0,0.0,116975885000.0,0.0,520300.0,9226600000.0,273500.0,4828750000.0,3980.0,13532815.0,2467.0,12264926.0,1.3409117646540003,282703746.0,9139745000.0,0.0,9139745000.0,1000.0
2025-03-12T00:00:00,TCH,17.9,17.5,17.9,17.61348736725203,17.55,17.9,5762800.0,5762800.0,0.0,101503005000.0,0.0,743200.0,13106050000.0,867800.0,15325650000.0,4539.0,11496592.0,2909.0,15538260.0,1.3409117646540003,282079857.0,-890985000.0,0.0,-890985000.0,1000.0
2025-03-13T00:00:00,TCH,17.7,17.15,17.5,17.456193111483287,17.25,17.55,5493200.0,5493200.0,0.0,95890360000.0,0.0,234500.0,4103460000.0,46629.0,821140000.0,3610.0,11160377.0,2783.0,13404873.0,1.3409117646540003,282056657.0,-443488000.0,0.0,-443488000.0,1000.0
2025-03-14T00:00:00,TCH,17.7,17.05,17.15,17.350925996421637,17.3,17.25,5253800.0,5253800.0,0.0,91158295000.0,0.0,245000.0,4209130000.0,133500.0,2299880000.0,3183.0,10134658.0,3189.0,12237903.0,1.3409117646540003,282085157.0,-26000.0,0.0,-26000.0,1000.0
2025-03-17T00:00:00,TCH,18.0,17.45,17.5,17.77407972255881,18.0,17.3,9573200.0,9573200.0,0.0,170154820000.0,0.0,785000.0,13893740000.0,25300.0,448540000.0,3824.0,18102803.0,4841.0,18974222.0,1.3409117646540003,282167957.0,-2656471000.0,0.0,-2656471000.0,1000.0
2025-03-18T00:00:00,TCH,18.1,17.6,18.1,17.735214350929613,17.65,18.0,4819200.0,4819200.0,0.0,85469545000.0,0.0,41300.0,731740000.0,185300.0,3274290000.0,3309.0,8326218.0,3316.0,13116537.0,1.3409117646540003,282173286.0,15527071000.0,0.0,15527071000.0,1000.0
2025-03-19T00:00:00,TCH,17.75,17.3,17.65,17.47312850807827,17.4,17.65,6449400.0,6449400.0,0.0,112691195000.0,0.0,515100.0,8958780000.0,246000.0,4312670000.0,3658.0,11863291.0,2191.0,12293232.0,1.3409117646540003,281791686.0,-3406543000.0,0.0,-3406543000.0,1000.0
2025-03-20T00:00:00,TCH,17.55,17.1,17.45,17.30095183605534,17.3,17.4,3845200.0,3845200.0,0.0,66525620000.0,0.0,76300.0,1310780000.0,403600.0,6998320000.0,3451.0,8914669.0,2136.0,9926489.0,1.3409117646540003,281740686.0,-1634610000.0,0.0,-1634610000.0,1000.0
2025-03-21T00:00:00,TCH,17.9,17.3,17.45,17.565617803580068,17.35,17.3,5167500.0,5167500.0,0.0,90770330000.0,0.0,77600.0,1347590000.0,1061551.0,18644760000.0,2332.0,11211119.0,3351.0,13974286.0,1.3409117646540003,281848386.0,7774650000.0,0.0,7774650000.0,1000.0
2025-03-24T00:00:00,TCH,17.9,17.4,17.4,17.72025708115292,17.65,17.35,7223400.0,7223400.0,0.0,128000505000.0,0.0,1108600.0,19678000000.0,148700.0,2625440000.0,2678.0,13785788.0,5371.0,16850613.0,1.3409117646540003,280985786.0,11846222000.0,0.0,11846222000.0,1000.0
2025-03-25T00:00:00,TCH,18.15,17.55,17.75,17.854178662292448,17.8,17.65,5974400.0,5974400.0,0.0,106668005000.0,0.0,210901.0,3732760000.0,445648.0,7964440000.0,3172.0,12145894.0,4463.0,16904484.0,1.3409117646540003,281178485.0,3566628000.0,0.0,3566628000.0,1000.0
2025-03-26T00:00:00,TCH,18.5,17.8,17.8,18.135507055096948,18.2,17.8,8334400.0,8334400.0,0.0,151148570000.0,0.0,469416.0,8503270000.0,309349.0,5646780000.0,3923.0,13995022.0,6051.0,20905710.0,1.3409117646540003,281770620.0,1132000.0,0.0,1132000.0,1000.0
2025-03-27T00:00:00,TCH,19.25,17.9,18.2,18.611466665765864,18.8,18.2,14801600.0,14801600.0,0.0,275479485000.0,0.0,693916.0,12948980000.0,1108000.0,20339270000.0,6127.0,24630931.0,8642.0,33871007.0,1.3409117646540003,281225404.0,-3139967000.0,0.0,-3139967000.0,1000.0
2025-03-28T00:00:00,TCH,19.5,18.65,18.85,18.982150218811444,18.7,18.8,12613600.0,12613600.0,0.0,239433250000.0,0.0,812000.0,15591640000.0,472252.0,8983890000.0,6431.0,22066772.0,7707.0,29318283.0,1.3409117646540003,280859052.0,-2507761000.0,0.0,-2507761000.0,1000.0
2025-03-31T00:00:00,TCH,18.95,17.85,18.6,18.295153148795404,18.0,18.7,12817600.0,12817600.0,0.0,234499955000.0,0.0,336300.0,6118970000.0,376097.0,7017740000.0,6464.0,20030150.0,4741.0,23751194.0,1.3409117646540003,280832101.0,-13536021000.0,0.0,-13536021000.0,1000.0
2025-04-01T00:00:00,TCH,18.2,17.9,18.2,18.056920502940578,18.15,18.0,5917200.0,5917200.0,0.0,106846410000.0,0.0,493100.0,8912390000.0,136800.0,2466000000.0,3188.0,11645186.0,2669.0,10849841.0,1.3409117646540003,281447001.0,2550675000.0,0.0,2550675000.0,1000.0
2025-04-02T00:00:00,TCH,18.8,18.2,18.3,18.4982837801778,18.3,18.15,7120300.0,7120300.0,0.0,131713330000.0,0.0,202800.0,3735840000.0,340000.0,6322990000.0,3493.0,13825799.0,4398.0,16537515.0,1.3409117646540003,281716453.0,-2735501000.0,0.0,-2735501000.0,1000.0
2025-04-03T00:00:00,TCH,17.65,17.05,17.1,17.17765157224579,17.05,18.3,13932300.0,13932300.0,0.0,239324195000.0,0.0,148500.0,2562380000.0,524300.0,9053740000.0,5767.0,18026798.0,4480.0,36861328.0,1.3409117646540003,281944050.0,-24012106000.0,0.0,-24012106000.0,1000.0
2025-04-04T00:00:00,TCH,16.6,15.9,15.9,16.12286401270767,16.55,17.05,18382600.0,18382600.0,0.0,296380160000.0,0.0,386700.0,6247910000.0,741600.0,11940590000.0,6853.0,27737388.0,5216.0,31234258.0,1.3409117646540003,281690150.0,24908865000.0,0.0,24908865000.0,1000.0
2025-04-08T00:00:00,TCH,16.2,15.4,16.0,15.480412689996465,15.4,16.55,5658000.0,5658000.0,0.0,87588175000.0,0.0,381470.0,5918448000.0,102900.0,1584955000.0,2306.0,7010562.0,2629.0,27337022.0,1.3409117646540003,281648680.0,-7622185000.0,0.0,-7622185000.0,1000.0
2025-04-09T00:00:00,TCH,15.1,14.35,14.35,14.401371271128067,14.35,15.4,18873000.0,18873000.0,0.0,271797080000.0,0.0,588000.0,8504640000.0,509675.0,7322306250.0,4862.0,22766502.0,4599.0,37486701.0,1.3409117646540003,281584980.0,-41823206000.0,0.0,-41823206000.0,1000.0
2025-04-10T00:00:00,TCH,15.35,15.35,15.35,15.35,15.35,14.35,367900.0,367900.0,0.0,5647265000.0,0.0,0.0,0.0,10100.0,155035000.0,4064.0,36252800.0,180.0,368476.0,1.3409117646540003,282326580.0,0.0,0.0,0.0,1000.0
2025-04-11T00:00:00,TCH,16.35,15.1,15.95,15.724317126830679,16.3,15.35,16954100.0,16954100.0,0.0,266591645000.0,0.0,911600.0,14202650000.0,461800.0,7237500000.0,6402.0,29803926.0,5447.0,32594211.0,1.3409117646540003,281511480.0,-96960000.0,0.0,-96960000.0,1000.0
2025-04-14T00:00:00,TCH,17.25,16.05,16.35,16.50212670515976,17.0,16.3,8694200.0,8694200.0,0.0,143472790000.0,0.0,406700.0,6835245000.0,573600.0,9412900000.0,4275.0,16741359.0,4061.0,16417431.0,1.3409117646540003,281614455.0,0.0,0.0,0.0,1000.0
2025-04-15T00:00:00,TCH,16.95,16.1,16.8,16.471028491022928,16.4,17.0,9167800.0,9167800.0,0.0,151003095000.0,0.0,191900.0,3117755000.0,214900.0,3579220000.0,5722.0,18903011.0,3856.0,18959934.0,1.3409117646540003,281432655.0,2466000000.0,0.0,2466000000.0,1000.0
2025-04-16T00:00:00,TCH,16.75,16.15,16.15,16.456079195495303,16.45,16.4,6055900.0,6055900.0,0.0,99656370000.0,0.0,498800.0,8202655000.0,100400.0,1658800000.0,3813.0,18389518.0,3228.0,13153153.0,1.3409117646540003,281395655.0,0.0,0.0,0.0,1000.0
2025-04-17T00:00:00,TCH,17.2,16.2,16.3,16.697379808052226,16.7,16.45,6678900.0,6678900.0,0.0,111520130000.0,0.0,185000.0,3082905000.0,2165000.0,36078590000.0,4222.0,13326896.0,4621.0,16718117.0,1.3409117646540003,281784255.0,67140000.0,0.0,67140000.0,1000.0
2025-04-18T00:00:00,TCH,17.3,16.7,17.0,16.985195609028626,16.7,16.7,8918300.0,8918300.0,0.0,151479070000.0,0.0,218000.0,3682790000.0,106900.0,1812145000.0,4035.0,13857883.0,4791.0,19904235.0,1.3409117646540003,281781155.0,2556500000.0,0.0,2556500000.0,1000.0
2025-04-21T00:00:00,TCH,17.15,16.65,16.8,16.909257028403896,16.95,16.7,6889900.0,6889900.0,0.0,116503090000.0,0.0,505700.0,8529410000.0,335800.0,5642300000.0,3876.0,15768600.0,4649.0,17300391.0,1.3409117646540003,281375855.0,0.0,0.0,0.0,1000.0
2025-04-22T00:00:00,TCH,17.4,15.8,16.75,16.55752184589136,16.75,16.95,17348800.0,17348800.0,0.0,287253135000.0,0.0,2783230.0,45893530500.0,639700.0,10748165000.0,9299.0,29826615.0,7169.0,33836550.0,1.3409117646540003,280757625.0,-1728350000.0,0.0,-1728350000.0,1000.0
2025-04-23T00:00:00,TCH,17.75,16.95,17.25,17.379668006501497,17.45,16.75,9105600.0,9105600.0,0.0,158252305000.0,0.0,1901900.0,32923295000.0,65600.0,1129190000.0,4875.0,17855508.0,5434.0,18584570.0,1.3409117646540003,278962625.0,0.0,0.0,0.0,1000.0
2025-04-24T00:00:00,TCH,17.8,17.1,17.4,17.457387811666884,17.7,17.45,8514700.0,8514700.0,0.0,148644420000.0,0.0,1395800.0,24354035000.0,353400.0,6206570000.0,4472.0,14730681.0,4695.0,20784194.0,1.3409117646540003,277906625.0,-3467475000.0,0.0,-3467475000.0,1000.0
2025-04-25T00:00:00,TCH,17.7,17.3,17.5,17.496340565707868,17.65,17.7,5433900.0,5433900.0,0.0,95073365000.0,0.0,1278900.0,22315155000.0,696300.0,12169550000.0,3221.0,9416370.0,3777.0,16181691.0,1.3409117646540003,277267425.0,0.0,0.0,0.0,1000.0
2025-04-28T00:00:00,TCH,17.7,16.85,17.7,17.159654910523567,17.05,17.65,8426800.0,8426800.0,0.0,144600980000.0,0.0,1067600.0,18367640000.0,2140700.0,36854905000.0,6309.0,15056614.0,3737.0,19342359.0,1.3409117646540003,276265425.0,0.0,0.0,0.0,1000.0
2025-04-29T00:00:00,TCH,17.4,16.9,17.15,17.090629698262298,17.2,17.05,5720200.0,5720200.0,0.0,97761820000.0,0.0,441300.0,7526800000.0,289400.0,4947310000.0,4694.0,11824720.0,2802.0,11749634.0,1.3409117646540003,276177525.0,0.0,0.0,0.0,1000.0
2025-05-05T00:00:00,TCH,17.25,16.9,17.25,17.01396349886283,17.05,17.2,7166900.0,7166900.0,0.0,121937375000.0,0.0,156050.0,2657012500.0,1623200.0,27620455000.0,4450.0,10596277.0,2013.0,11278798.0,1.3409117646540003,276873825.0,1700000000.0,0.0,1700000000.0,1000.0
2025-05-06T00:00:00,TCH,17.65,17.1,17.1,17.423481213165925,17.2,17.05,8585800.0,8585800.0,0.0,149594525000.0,0.0,631600.0,11018445000.0,110100.0,1916795000.0,3566.0,12976655.0,4399.0,15911959.0,1.3409117646540003,279014525.0,1032000000.0,0.0,1032000000.0,1000.0
2025-05-07T00:00:00,TCH,17.8,17.1,17.2,17.444541543301256,17.55,17.2,10808000.0,10808000.0,0.0,188540605000.0,0.0,2280600.0,39882805000.0,409250.0,7143540000.0,4375.0,19012083.0,4900.0,19509305.0,1.3409117646540003,278782425.0,7815325000.0,0.0,7815325000.0,1000.0
2025-05-08T00:00:00,TCH,18.4,17.6,17.7,18.030435039552888,18.15,17.55,11844900.0,11844900.0,0.0,213568700000.0,0.0,1587900.0,28665830000.0,336900.0,6087365000.0,3373.0,17330735.0,6869.0,21773844.0,1.3409117646540003,278378225.0,-1991500000.0,0.0,-1991500000.0,1000.0
2025-05-09T00:00:00,TCH,18.35,17.5,18.35,17.696320871217697,17.65,18.15,15628700.0,15628700.0,0.0,276570490000.0,0.0,2642400.0,46722775000.0,1550200.0,27627735000.0,7254.0,23175996.0,6588.0,27735558.0,1.3409117646540003,277127225.0,1673000000.0,0.0,1673000000.0,1000.0
2025-05-12T00:00:00,TCH,18.1,17.4,17.7,17.747801046700165,18.0,17.65,12458200.0,12458200.0,0.0,221105655000.0,0.0,371400.0,6571980000.0,1764400.0,31435430000.0,3790.0,19523524.0,4166.0,19109529.0,1.3409117646540003,276035025.0,42840000.0,0.0,42840000.0,1000.0
2025-05-13T00:00:00,TCH,18.2,17.7,18.05,17.989661385194214,18.0,18.0,11322600.0,11322600.0,0.0,203689740000.0,0.0,846900.0,15233310000.0,2537400.0,45528825000.0,3280.0,19518941.0,4937.0,21819407.0,1.3409117646540003,276035025.0,-882840000.0,0.0,-882840000.0,1000.0
2025-05-14T00:00:00,TCH,18.2,18.0,18.05,18.061212247544933,18.05,18.0,8635200.0,8635200.0,0.0,155962180000.0,0.0,2024100.0,36595565000.0,13300.0,240100000.0,2746.0,14130173.0,4528.0,16685911.0,1.3409117646540003,276035025.0,-844740000.0,0.0,-844740000.0,1000.0
2025-05-15T00:00:00,TCH,18.15,17.6,18.05,17.77613118851722,17.7,18.05,10561900.0,10561900.0,0.0,187749720000.0,0.0,217000.0,3863655000.0,3186021.0,56632833800.0,4598.0,16501768.0,3870.0,17557817.0,1.3409117646540003,275417225.0,1775000000.0,0.0,1775000000.0,1000.0
2025-05-16T00:00:00,TCH,18.2,17.65,17.7,18.06311192854149,18.15,17.7,13837400.0,13837400.0,0.0,249946505000.0,0.0,5282800.0,95458690000.0,147800.0,2634100000.0,4097.0,27204936.0,5186.0,20992413.0,1.3409117646540003,277107725.0,-21720000.0,0.0,-21720000.0,1000.0
2025-05-19T00:00:00,TCH,18.6,17.9,18.05,18.205021696443723,18.0,18.15,8250200.0,8250200.0,0.0,150195070000.0,0.0,235200.0,4280350000.0,979798.0,17882054300.0,3772.0,18169699.0,4262.0,17489072.0,1.3409117646540003,271972725.0,-2006240000.0,0.0,-2006240000.0,1000.0
2025-05-20T00:00:00,TCH,18.25,17.9,18.05,18.026279474914805,18.2,18.0,6543700.0,6543700.0,0.0,117958565000.0,0.0,187800.0,3374660000.0,133500.0,2406065000.0,3549.0,12689784.0,3250.0,12656884.0,1.3409117646540003,274941746.0,-907000000.0,0.0,-907000000.0,1000.0
2025-05-21T00:00:00,TCH,18.4,17.9,18.35,18.105792441701553,18.2,18.2,6951300.0,6951300.0,0.0,125858795000.0,0.0,68800.0,1243650000.0,1323300.0,23907885000.0,3393.0,14385679.0,3387.0,16742065.0,1.3409117646540003,274887446.0,-749540000.0,0.0,-749540000.0,1000.0
2025-05-22T00:00:00,TCH,18.65,18.05,18.25,18.43605373937039,18.25,18.2,14535600.0,14205600.0,330000.0,268000205000.0,6105000000.0,1007600.0,18467255000.0,926600.0,17098775000.0,6070.0,24391514.0,6094.0,27237539.0,1.3409117646540003,275632044.0,3690000000.0,0.0,3690000000.0,1000.0
2025-05-23T00:00:00,TCH,18.95,18.05,18.3,18.587031153072186,18.85,18.25,13218600.0,13218600.0,0.0,245694530000.0,0.0,2492800.0,46457645000.0,188000.0,3477625000.0,5289.0,26141297.0,5921.0,21997748.0,1.3409117646540003,275551044.0,-983000.0,0.0,-983000.0,1000.0
2025-05-26T00:00:00,TCH,20.1,18.25,18.9,19.48171967084001,19.9,18.85,14728400.0,14728400.0,0.0,286934560000.0,0.0,54600.0,1044585000.0,702500.0,13350435000.0,5716.0,25854904.0,7900.0,25253036.0,1.3409117646540003,274500744.0,0.0,0.0,0.0,1000.0
2025-05-27T00:00:00,TCH,20.2,19.65,20.2,19.85121886745297,19.8,19.9,11253100.0,10403100.0,850000.0,222664215000.0,16150000000.0,294700.0,5865845000.0,1675900.0,33276280000.0,5786.0,15714880.0,5830.0,20937443.0,1.3409117646540003,274500744.0,3943240000.0,0.0,3943240000.0,1000.0
2025-05-28T00:00:00,TCH,20.1,19.4,19.8,19.75284235202188,19.5,19.8,11773700.0,11773700.0,0.0,232564040000.0,0.0,380600.0,7447375000.0,1092000.0,21780245000.0,5337.0,15488109.0,4886.0,21181550.0,1.3409117646540003,274500744.0,0.0,0.0,0.0,1000.0
2025-05-29T00:00:00,TCH,20.4,19.45,19.6,19.933296870856534,20.05,19.5,10558800.0,10558800.0,0.0,210471695000.0,0.0,1047100.0,20682805000.0,821500.0,16375805000.0,3938.0,20091662.0,5328.0,18044875.0,1.3409117646540003,275148644.0,150540000.0,0.0,150540000.0,1000.0
2025-05-30T00:00:00,TCH,20.1,19.6,20.05,19.830499353212378,19.8,20.05,6029800.0,6029800.0,0.0,119573945000.0,0.0,401500.0,7949710000.0,220665.0,4392305500.0,3383.0,11458561.0,3324.0,12950804.0,1.3409117646540003,276304244.0,0.0,0.0,0.0,1000.0
2025-06-02T00:00:00,TCH,20.75,19.8,19.8,20.35734164802838,20.4,19.8,9226300.0,9076300.0,150000.0,187769340000.0,3000000000.0,480200.0,9711335000.0,195600.0,4002700000.0,4198.0,15893756.0,5432.0,17295494.0,1.3409117646540003,276834809.0,81400000.0,0.0,81400000.0,1000.0
2025-06-03T00:00:00,TCH,20.6,20.05,20.6,20.239695597942625,20.4,20.4,7135300.0,7135300.0,0.0,144416300000.0,0.0,675350.0,13684470000.0,930500.0,18837655000.0,4278.0,10868399.0,3440.0,14211592.0,1.3409117646540003,276550209.0,-8040000.0,0.0,-8040000.0,1000.0
2025-06-04T00:00:00,TCH,20.45,19.95,20.3,20.167377570093457,20.05,20.4,8025000.0,8025000.0,0.0,161843205000.0,0.0,105300.0,2124300000.0,180300.0,3650690000.0,5078.0,12968546.0,3472.0,14039281.0,1.3409117646540003,276550209.0,-48240000.0,0.0,-48240000.0,1000.0
2025-06-05T00:00:00,TCH,20.15,19.5,20.05,19.778946541586247,19.8,20.05,6683700.0,6683700.0,0.0,132196545000.0,0.0,763400.0,15083930000.0,488550.0,9713851950.0,4730.0,13662349.0,2745.0,11536342.0,1.3409117646540003,276550209.0,0.0,0.0,0.0,1000.0
2025-06-06T00:00:00,TCH,20.25,19.65,19.65,19.954545223448065,19.9,19.8,5900700.0,5900700.0,0.0,117745785000.0,0.0,1052700.0,20998700000.0,472100.0,9383895000.0,3201.0,18070195.0,3630.0,12032897.0,1.3409117646540003,276530509.0,-7900000.0,0.0,-7900000.0,1000.0
2025-06-09T00:00:00,TCH,20.6,19.9,20.0,20.195159766934495,20.1,19.9,7517200.0,7517200.0,0.0,151811055000.0,0.0,337800.0,6775195000.0,77300.0,1573150000.0,3502.0,20083051.0,4609.0,15312632.0,1.3409117646540003,276024909.0,0.0,0.0,0.0,1000.0
2025-06-10T00:00:00,TCH,20.45,19.8,20.05,20.13030397683986,20.0,20.1,6563000.0,6563000.0,0.0,132115185000.0,0.0,394900.0,7934260000.0,296001.0,5983285250.0,3589.0,16733940.0,4087.0,15873150.0,1.3409117646540003,275764409.0,0.0,0.0,0.0,1000.0
2025-06-11T00:00:00,TCH,20.1,19.65,20.05,19.864582148948266,19.7,20.0,4925200.0,4925200.0,0.0,97837040000.0,0.0,258400.0,5118465000.0,625600.0,12456460000.0,2570.0,9241872.0,2426.0,11430319.0,1.3409117646540003,275665510.0,0.0,0.0,0.0,1000.0
2025-06-12T00:00:00,TCH,20.2,19.8,19.85,19.948300292024843,19.9,19.7,4862600.0,4862600.0,0.0,97000605000.0,0.0,1006100.0,20056250000.0,27400.0,545550000.0,2759.0,9820167.0,2967.0,12129767.0,1.3409117646540003,275665510.0,-80200000.0,0.0,-80200000.0,1000.0
2025-06-13T00:00:00,TCH,19.8,18.8,19.55,19.24786780830528,19.05,19.9,14318600.0,14318600.0,0.0,275602520000.0,0.0,1532500.0,29462505000.0,600867.0,11700283200.0,6563.0,23148254.0,3931.0,23061250.0,1.3409117646540003,274686810.0,-530238000.0,0.0,-530238000.0,1000.0
2025-06-16T00:00:00,TCH,19.45,19.0,19.0,19.178981025866854,19.45,19.05,5222900.0,5222900.0,0.0,100169900000.0,0.0,754100.0,14554605000.0,326100.0,6238905000.0,2131.0,23890301.0,2055.0,12005116.0,1.3409117646540003,274122377.0,-22920000.0,0.0,-22920000.0,1000.0
2025-06-17T00:00:00,TCH,19.9,19.35,19.55,19.575503950203498,19.7,19.45,7320500.0,6265500.0,1055000.0,142695320000.0,20045000000.0,849200.0,16610085000.0,675300.0,13230725000.0,2156.0,11588984.0,3275.0,13823762.0,1.3409117646540003,273694377.0,-200000.0,0.0,-200000.0,1000.0
2025-06-18T00:00:00,TCH,19.85,19.35,19.7,19.63132032778865,19.7,19.7,4905600.0,4905600.0,0.0,96303405000.0,0.0,994300.0,19535090000.0,193200.0,3781640000.0,2239.0,8346836.0,2738.0,10196247.0,1.3409117646540003,273520477.0,15600000.0,0.0,15600000.0,1000.0
2025-06-19T00:00:00,TCH,19.65,19.25,19.65,19.39217391304348,19.45,19.7,3898500.0,3898500.0,0.0,75600390000.0,0.0,105700.0,2055605000.0,443500.0,8599795000.0,2654.0,7165742.0,2618.0,9242400.0,1.3409117646540003,272719377.0,-1246640000.0,0.0,-1246640000.0,1000.0
2025-06-20T00:00:00,TCH,19.55,19.05,19.45,19.291029858299595,19.45,19.45,5532800.0,5532800.0,0.0,106733410000.0,0.0,1379600.0,26734335000.0,582800.0,11228590000.0,3543.0,9279198.0,2070.0,9767480.0,1.3409117646540003,272719377.0,-5726210000.0,0.0,-5726210000.0,1000.0
2025-06-23T00:00:00,TCH,19.3,19.0,19.25,19.095919726729292,19.05,19.45,5855000.0,5855000.0,0.0,111806610000.0,0.0,590500.0,11251760000.0,351900.0,6749630000.0,3153.0,9510105.0,1747.0,9638250.0,1.3409117646540003,271922577.0,3817380000.0,0.0,3817380000.0,1000.0
2025-06-24T00:00:00,TCH,19.6,19.15,19.3,19.401961635274713,19.45,19.05,5760500.0,5760500.0,0.0,111765000000.0,0.0,699800.0,13599570000.0,334900.0,6499935000.0,1908.0,11482558.0,2914.0,11253026.0,1.3409117646540003,272021777.0,0.0,0.0,0.0,1000.0
2025-06-25T00:00:00,TCH,19.8,19.3,19.55,19.517771260384922,19.3,19.45,4790600.0,4790600.0,0.0,93501835000.0,0.0,508600.0,9818480000.0,316700.0,6194965000.0,1843.0,10030890.0,3366.0,10923002.0,1.3409117646540003,271656877.0,566680000.0,0.0,566680000.0,1000.0
2025-06-26T00:00:00,TCH,19.5,19.25,19.35,19.3763007714799,19.45,19.3,2838700.0,2838700.0,0.0,55003505000.0,0.0,14600.0,282893991.2636066,144500.0,2799875461.478846,1448.0,5988892.0,1869.0,7805512.0,1.3409117646540003,271449877.0,1930000000.0,0.0,1930000000.0,1000.0
2025-06-27T00:00:00,TCH,19.9,19.5,19.65,19.696653593592693,19.55,19.45,6654900.0,6654900.0,0.0,131079260000.0,0.0,1562800.0,30781930236.066658,281350.0,5541653488.557303,2551.0,12614890.0,4586.0,14934809.0,1.3409117646540003,269872377.0,-375940000.0,0.0,-375940000.0,1000.0
2025-06-30T00:00:00,TCH,20.45,19.55,19.6,20.024775617767254,20.0,19.55,10473200.0,10473200.0,0.0,209723480000.0,0.0,1198300.0,23995688622.7705,1286500.0,25761873832.257572,4231.0,16567871.0,5238.0,16981763.0,1.3409117646540003,268936227.0,-224580000.0,0.0,-224580000.0,1000.0
2025-07-01T00:00:00,TCH,20.2,19.7,20.15,19.89219635186453,19.9,20.0,3212600.0,3212600.0,0.0,63905670000.0,0.0,170700.0,3395597917.2632756,114200.0,2271688823.38293,2105.0,5896447.0,2668.0,7841062.0,1.3409117646540003,269880727.0,0.0,0.0,0.0,1000.0
2025-07-02T00:00:00,TCH,20.05,19.75,19.8,19.92508536036632,20.0,19.9,3778100.0,3778100.0,0.0,75278965000.0,0.0,0.0,0.0,356200.0,7097315405.362484,2241.0,8956413.0,2336.0,8244303.0,1.3409117646540003,270256427.0,2000000000.0,0.0,2000000000.0,1000.0
2025-07-03T00:00:00,TCH,20.5,19.8,20.3,20.127902115100834,19.8,20.0,8132000.0,8132000.0,0.0,163680100000.0,0.0,257300.0,5178909214.2154455,752000.0,15136182390.555828,3497.0,14408779.0,4416.0,15472974.0,1.3409117646540003,270087527.0,-88820000.0,0.0,-88820000.0,1000.0
2025-07-04T00:00:00,TCH,21.15,19.9,19.9,20.751653688821076,20.9,19.8,15205400.0,15205400.0,0.0,315537195000.0,0.0,2725500.0,56558632128.88184,337600.0,7005758285.345996,5352.0,26032193.0,6860.0,23964040.0,1.3409117646540003,267570727.0,-8360000.0,0.0,-8360000.0,1000.0
2025-07-07T00:00:00,TCH,22.35,21.05,21.35,21.94100245564914,22.35,20.9,13071900.0,13071900.0,0.0,286810590000.0,0.0,1340400.0,29409719691.55211,737700.0,16185877511.532372,4883.0,24018715.0,5148.0,14254002.0,1.3409117646540003,266872327.0,178800000.0,0.0,178800000.0,1000.0
2025-07-08T00:00:00,TCH,23.75,22.4,22.9,22.99409188186617,23.0,22.35,10513500.0,10513500.0,0.0,241748385000.0,0.0,1922400.0,44203842233.69953,312300.0,7181054894.706805,5179.0,15606056.0,4856.0,17256834.0,1.3409117646540003,266247727.0,53520000.0,0.0,53520000.0,1000.0
2025-07-09T00:00:00,TCH,23.5,22.75,23.05,23.13969014967857,23.05,23.0,8291100.0,8291100.0,0.0,191853485000.0,0.0,2546300.0,58920593028.12655,535400.0,12388990106.137907,4593.0,16220427.0,3876.0,13603384.0,1.3409117646540003,263712927.0,2484410000.0,0.0,2484410000.0,1000.0
2025-07-10T00:00:00,TCH,23.55,22.95,23.25,23.202565529443657,23.3,23.05,7008300.0,7008300.0,0.0,162610540000.0,0.0,2145300.0,49776463830.31548,564600.0,13100168497.923891,2846.0,11703778.0,2885.0,11086123.0,1.3409117646540003,262438727.0,19175110000.0,0.0,19175110000.0,1000.0
2025-07-11T00:00:00,TCH,24.2,22.75,23.45,23.5120416545907,23.85,23.3,10006100.0,10006100.0,0.0,235263840000.0,0.0,2693700.0,63334386604.97097,1487800.0,34981215573.70004,5690.0,15884031.0,4902.0,17336580.0,1.3409117646540003,260309627.0,3496155000.0,0.0,3496155000.0,1000.0
2025-07-14T00:00:00,TCH,24.95,23.1,23.75,24.06478869643368,24.85,23.85,9791600.0,9791600.0,0.0,235632785000.0,0.0,1946600.0,46844517676.4778,1247500.0,30020823898.801018,5799.0,15294775.0,3952.0,15463358.0,1.3409117646540003,259850827.0,682955000.0,0.0,682955000.0,1000.0
2025-07-15T00:00:00,TCH,24.8,23.95,24.5,24.33041609736717,23.95,24.85,11619700.0,10319700.0,1300000.0,281177595000.0,30095000000.0,113400.0,2759069185.4414372,3076700.0,74857391206.76958,6256.0,14235345.0,3010.0,17550045.0,1.3409117646540003,260984927.0,236885000.0,0.0,236885000.0,1000.0
2025-07-16T00:00:00,TCH,24.35,23.65,23.8,24.03436061215226,24.15,23.95,4378200.0,6168400.0,0.0,148253550000.0,0.0,1329600.0,31956085869.917645,703305.0,16903485990.329744,3847.0,10285805.0,3070.0,10837849.0,1.3409117646540003,259767327.0,-10709535000.0,0.0,-10709535000.0,1000.0
2025-07-17T00:00:00,TCH,25.7,24.1,24.25,24.85139668508287,24.7,24.15,9478300.0,9050000.0,428300.0,234541890000.0,9636750000.0,2341600.0,58192030477.790054,794600.0,19746919805.96685,3941.0,13403868.0,4655.0,16221842.0,1.3409117646540003,258101332.0,-5437305000.0,0.0,-5437305000.0,1000.0
2025-07-18T00:00:00,TCH,25.2,24.2,24.9,24.600722238737397,24.5,24.7,7400600.0,7400600.0,0.0,182060105000.0,0.0,1091800.0,26859068540.253494,424700.0,10447926734.791773,4584.0,10757250.0,3167.0,12400443.0,1.3409117646540003,260794032.0,-3409125000.0,0.0,-3409125000.0,1000.0
2025-07-21T00:00:00,TCH,24.9,24.05,24.5,24.336798691163988,24.05,24.5,7814200.0,7304200.0,510000.0,189388845000.0,11628000000.0,1070500.0,26052542998.89105,394800.0,9608168123.271542,4745.0,12612670.0,3023.0,12055982.0,1.3409117646540003,260131632.0,-8794610000.0,0.0,-8794610000.0,1000.0
2025-07-22T00:00:00,TCH,24.6,23.7,23.7,24.123275247994933,24.6,24.05,7580800.0,7580800.0,0.0,182873725000.0,0.0,1852700.0,44693192051.96022,136500.0,3292827071.3513083,4665.0,14692208.0,3201.0,10392200.0,1.3409117646540003,258665832.0,-3024880000.0,0.0,-3024880000.0,1000.0
2025-07-23T00:00:00,TCH,26.1,24.5,24.95,25.135798870138338,24.95,24.6,11845600.0,11045600.0,800000.0,298679980000.0,21040000000.0,617000.0,15508787902.875353,1042448.0,26202763260.57797,5707.0,17595349.0,5229.0,18797396.0,1.3409117646540003,258201132.0,-19980000.0,0.0,-19980000.0,1000.0
2025-07-24T00:00:00,TCH,25.3,24.55,24.95,24.853626041223325,25.25,24.95,6578800.0,6578800.0,0.0,163507035000.0,0.0,649000.0,16130003300.753937,1100600.0,27353900820.97039,3843.0,9900509.0,3245.0,12349984.0,1.3409117646540003,258176632.0,679260000.0,0.0,679260000.0,1000.0
2025-07-25T00:00:00,TCH,25.7,24.95,25.4,25.34397827120935,25.6,25.25,8539400.0,7989400.0,550000.0,215408180000.0,12925000000.0,1167000.0,29576422642.501316,1354531.0,34329204231.679474,3872.0,11108574.0,3944.0,14711311.0,1.3409117646540003,257658632.0,795080000.0,0.0,795080000.0,1000.0
2025-07-28T00:00:00,TCH,27.05,25.75,26.0,26.28920448012877,26.4,25.6,10437200.0,10437200.0,0.0,274385685000.0,0.0,1285900.0,33805288040.99759,985000.0,25894866412.926838,4799.0,13821469.0,4243.0,17013080.0,1.3409117646540003,257934880.0,517485000.0,0.0,517485000.0,1000.0
2025-07-29T00:00:00,TCH,26.5,24.6,26.5,24.958021527542453,24.6,26.4,21247200.0,21247200.0,0.0,530288075000.0,0.0,490400.0,12239413757.10682,1952100.0,48720553823.91563,10619.0,23839285.0,5778.0,34509438.0,1.3409117646540003,258911480.0,-4061980000.0,0.0,-4061980000.0,1000.0
2025-07-30T00:00:00,TCH,25.1,23.5,24.8,24.22854569604471,23.8,24.6,15960900.0,15960900.0,0.0,386709395000.0,0.0,693900.0,16812187858.485424,293500.0,7111078161.789123,6599.0,22721369.0,5331.0,22764214.0,1.3409117646540003,258622111.0,-2566450000.0,0.0,-2566450000.0,1000.0
2025-07-31T00:00:00,TCH,24.4,22.85,24.4,23.576975998144782,23.95,23.8,12936500.0,12936500.0,0.0,305003550000.0,0.0,1187500.0,27997658997.796932,439800.0,10369154043.984076,7068.0,20706523.0,5593.0,18987856.0,1.3409117646540003,257998411.0,-9593815000.0,0.0,-9593815000.0,1000.0
2025-08-01T00:00:00,TCH,24.0,23.0,23.95,23.480812954477535,23.0,23.95,8031200.0,8031200.0,0.0,188579105000.0,0.0,849200.0,19939906360.942326,536300.0,12592759987.486303,5044.0,12509603.0,2901.0,13003355.0,1.3409117646540003,259029311.0,-30585000.0,0.0,-30585000.0,1000.0
2025-08-04T00:00:00,TCH,23.9,22.6,22.65,23.50706644852756,23.9,23.0,6486800.0,6356800.0,130000.0,152211720000.0,2782000000.0,1065300.0,25042077887.61641,416600.0,9793043882.456581,3501.0,13705642.0,3790.0,10146165.0,1.3409117646540003,258523811.0,-1253200000.0,0.0,-1253200000.0,1000.0
2025-08-05T00:00:00,TCH,24.75,22.8,24.0,24.019736527899386,23.6,23.9,13819300.0,13819300.0,0.0,331935945000.0,0.0,265300.0,6372436100.851707,1884600.0,45267595460.47919,6451.0,18160819.0,6080.0,20246858.0,1.3409117646540003,258630811.0,0.0,0.0,0.0,1000.0
2025-08-06T00:00:00,TCH,24.3,23.3,23.8,23.593356625424704,23.8,23.6,7799500.0,7799500.0,0.0,184016385000.0,0.0,666900.0,15734409533.495737,979400.0,23107333478.940956,5268.0,12642444.0,2888.0,12822533.0,1.3409117646540003,258161111.0,-12081000.0,0.0,-12081000.0,1000.0
2025-08-07T00:00:00,TCH,24.3,23.85,24.0,24.077147660518627,24.15,23.8,10230900.0,10230900.0,0.0,246330890000.0,0.0,371000.0,8932621782.05241,1020200.0,24563506043.2611,6385.0,17730034.0,5545.0,16470110.0,1.3409117646540003,258531311.0,-95800000.0,0.0,-95800000.0,1000.0
2025-08-08T00:00:00,TCH,25.0,23.7,24.35,24.332824049404984,24.8,24.15,14638200.0,14638200.0,0.0,356188745000.0,0.0,1698800.0,41336601495.12918,2057400.0,50062352199.24581,7145.0,22084425.0,6110.0,21614358.0,1.3409117646540003,258860011.0,-115540000.0,0.0,-115540000.0,1000.0
2025-08-11T00:00:00,TCH,25.7,24.85,25.05,25.237828966591994,25.0,24.8,10267000.0,10267000.0,0.0,259116790000.0,0.0,1203800.0,30381298509.98344,768400.0,19392747777.929287,5851.0,15471974.0,6664.0,19457635.0,1.3409117646540003,259471611.0,0.0,0.0,0.0,1000.0
2025-08-12T00:00:00,TCH,25.45,24.35,25.0,24.892597141581064,25.35,25.0,11195000.0,11195000.0,0.0,278672625000.0,0.0,1373800.0,34197449953.104065,397664.0,9898889749.709692,7150.0,19678847.0,5444.0,18395730.0,1.3409117646540003,259495911.0,-39840000.0,0.0,-39840000.0,1000.0
2025-08-13T00:00:00,TCH,26.25,25.3,25.7,25.800549995460354,26.0,25.35,14318300.0,14318300.0,0.0,369420015000.0,0.0,1003900.0,25901172140.44265,546500.0,14100000572.519083,7324.0,21121816.0,7841.0,22430714.0,1.3409117646540003,259458475.0,225100000.0,0.0,225100000.0,1000.0
2025-08-14T00:00:00,TCH,26.5,25.6,26.5,25.92148422405349,26.0,26.0,11127700.0,11127700.0,0.0,288446500000.0,0.0,737600.0,19119686763.661854,277000.0,7180251130.062817,6947.0,16397201.0,6387.0,19975959.0,1.3409117646540003,259268175.0,124320000.0,0.0,124320000.0,1000.0
2025-08-15T00:00:00,TCH,26.1,24.45,26.05,25.22315728763286,24.7,26.0,12137000.0,12137000.0,0.0,306133460000.0,0.0,996079.0,25124257287.90805,414100.0,10444909432.808767,8564.0,17694894.0,5480.0,20695024.0,1.3409117646540003,258488396.0,-30240000.0,0.0,-30240000.0,1000.0
2025-08-18T00:00:00,TCH,24.9,24.0,24.9,24.39491575916057,24.6,24.7,12084400.0,12084400.0,0.0,294797920000.0,0.0,1511300.0,36868036186.819374,395531.0,9648945425.13654,8181.0,21600691.0,5435.0,17752026.0,1.3409117646540003,257449796.0,-340540000.0,0.0,-340540000.0,1000.0
2025-08-19T00:00:00,TCH,25.5,24.3,24.7,24.966624203316112,25.05,24.6,12599100.0,12599100.0,0.0,314556995000.0,0.0,1413432.0,35288625580.9415,1042200.0,26020215744.69605,6899.0,21868192.0,7297.0,19229342.0,1.3409117646540003,256395595.0,0.0,0.0,0.0,1000.0
2025-08-20T00:00:00,TCH,23.1,21.5,23.1,22.255255391695083,22.2,21.6,12295300.0,11995300.0,300000.0,273438465000.0,6480000000.0,678200.0,15093514206.647604,3480600.0,77461641916.33391,7743.0,18276081.0,3427.0,17149924.0,1.1550000000000002,256799295.0,0.0,0.0,0.0,1000.0
2025-08-21T00:00:00,TCH,22.3,21.35,22.3,21.69305176903048,21.35,22.2,6529000.0,6529000.0,0.0,141633935000.0,0.0,93900.0,2036977561.111962,1778400.0,38578923266.04381,5197.0,9362875.0,2943.0,11884501.0,1.1550000000000002,257382395.0,-26340000.0,0.0,-26340000.0,1000.0
2025-08-22T00:00:00,TCH,20.9,19.9,20.35,20.08512393588033,20.55,21.35,21305200.0,21285200.0,20000.0,427971880000.0,456000000.0,2145700.0,43096650429.21842,3998300.0,80306351032.83032,9279.0,39531165.0,4777.0,28037641.0,1.1550000000000002,255280395.0,-90975000.0,0.0,-90975000.0,1000.0
2025-08-25T00:00:00,TCH,20.7,19.75,20.6,20.107605363984675,20.35,20.55,8352000.0,8352000.0,0.0,167938720000.0,0.0,1641500.0,33006634204.980843,3236800.0,65084297042.14559,4966.0,27776200.0,2912.0,11811379.0,1.1550000000000002,258635995.0,-72720000.0,0.0,-72720000.0,1000.0
2025-08-26T00:00:00,TCH,21.4,20.1,20.35,20.661306643202817,21.4,20.35,8182800.0,8182800.0,0.0,169067340000.0,0.0,875500.0,18088973966.124065,2820300.0,58271083125.8249,3383.0,17730556.0,3481.0,10023077.0,1.1550000000000002,260992895.0,-16600000.0,0.0,-16600000.0,1000.0
2025-08-27T00:00:00,TCH,22.25,21.0,21.4,21.72752544252168,21.2,21.4,10101200.0,10101200.0,0.0,219474080000.0,0.0,403300.0,8762711010.968994,625100.0,13581876154.120302,5012.0,13963006.0,5154.0,17889075.0,1.1550000000000002,263412695.0,0.0,0.0,0.0,1000.0
2025-08-28T00:00:00,TCH,22.0,21.05,21.5,21.537628132323132,22.0,21.2,6955700.0,6955700.0,0.0,149809280000.0,0.0,293900.0,6329908908.089768,270400.0,5823774646.980174,4766.0,13131632.0,3872.0,10973976.0,1.1550000000000002,265116595.0,-17080000.0,0.0,-17080000.0,1000.0
2025-08-29T00:00:00,TCH,22.6,21.9,22.45,22.236027379976026,21.9,22.0,7925500.0,7925500.0,0.0,176231635000.0,0.0,365300.0,8122820801.905243,823300.0,18306921341.93426,5175.0,12662346.0,5594.0,15788607.0,1.1550000000000002,266737295.0,0.0,0.0,0.0,1000.0
2025-09-03T00:00:00,TCH,22.7,21.9,21.95,22.352156636450626,22.65,21.9,13690300.0,13690300.0,0.0,306007730000.0,0.0,1639800.0,36653066452.45174,4066937.0,90904812854.5766,6048.0,20265077.0,5781.0,18192031.0,1.1550000000000002,265608295.0,0.0,0.0,0.0,1000.0
2025-09-04T00:00:00,TCH,24.2,22.95,22.95,24.03952871551153,24.15,22.65,24450200.0,24450200.0,0.0,587771285000.0,0.0,885500.0,21287002677.58546,1076100.0,25868936850.761955,11260.0,40838206.0,7140.0,30323227.0,1.1550000000000002,266165495.0,0.0,0.0,0.0,1000.0
2025-09-05T00:00:00,TCH,24.35,22.95,24.2,23.794006394898826,22.95,24.15,10852400.0,10852400.0,0.0,258222075000.0,0.0,812200.0,19325491993.936825,488378.0,11620469255.127897,6901.0,14365500.0,5863.0,18214648.0,1.1550000000000002,267199395.0,-9600000.0,0.0,-9600000.0,1000.0
2025-09-08T00:00:00,TCH,22.95,21.45,22.95,22.120537691820914,21.45,22.95,20227200.0,20227200.0,0.0,447436540000.0,0.0,3019100.0,66784115345.37652,1592250.0,35221426139.80186,8745.0,28113928.0,6221.0,29096803.0,1.1550000000000002,267088810.0,0.0,0.0,0.0,1000.0
2025-09-09T00:00:00,TCH,21.8,20.95,21.45,21.389268415018627,21.8,21.45,6978000.0,6978000.0,0.0,149254315000.0,0.0,883200.0,18891001864.144455,880950.0,18842876010.210663,5103.0,14466171.0,3180.0,10913941.0,1.1550000000000002,267890660.0,-72625000.0,0.0,-72625000.0,1000.0
2025-09-10T00:00:00,TCH,22.0,21.15,22.0,21.461436913150827,21.5,21.8,5548700.0,5548700.0,0.0,119083075000.0,0.0,183700.0,3942465960.945807,1993800.0,42789812917.440125,4530.0,9807292.0,3284.0,9689414.0,1.1550000000000002,268691010.0,0.0,0.0,0.0,1000.0
2025-09-11T00:00:00,TCH,21.5,20.55,21.5,20.93849003021148,21.15,21.5,8275000.0,8275000.0,0.0,173266005000.0,0.0,482501.0,10102842378.067068,1677300.0,35120129327.67371,6518.0,14542732.0,3191.0,13609585.0,1.1550000000000002,268393709.0,0.0,0.0,0.0,1000.0
2025-09-12T00:00:00,TCH,22.0,21.3,21.3,21.59986290310296,21.65,21.15,6564700.0,6564700.0,0.0,141796620000.0,0.0,955200.0,20632189045.043945,452900.0,9782577908.81533,3659.0,11099353.0,3581.0,11261819.0,1.1550000000000002,267921010.0,0.0,0.0,0.0,1000.0
2025-09-15T00:00:00,TCH,22.05,21.65,21.8,21.90860903721461,22.0,21.65,6924700.0,6924700.0,0.0,151710545000.0,0.0,665080.0,14570977698.470692,436100.0,9554344401.129292,3313.0,11828592.0,3869.0,12985441.0,1.1550000000000002,269379830.0,50600000.0,0.0,50600000.0,1000.0
2025-09-16T00:00:00,TCH,22.4,21.65,22.4,22.013937221437978,21.75,22.0,6304700.0,6304700.0,0.0,138791270000.0,0.0,16600.0,365431357.8758704,705950.0,15540738981.474138,3903.0,9626061.0,3954.0,13186154.0,1.1550000000000002,271133428.0,-39825000.0,0.0,-39825000.0,1000.0
2025-09-17T00:00:00,TCH,21.85,21.25,21.7,21.587862917869224,21.3,21.75,5231900.0,5231900.0,0.0,112945540000.0,0.0,83000.0,1791792622.1831458,425600.0,9187794457.845142,3282.0,7447668.0,2391.0,9339893.0,1.1550000000000002,270966629.0,-43400000.0,0.0,-43400000.0,1000.0
2025-09-18T00:00:00,TCH,21.45,20.9,21.45,21.149905831323927,21.0,21.3,7008700.0,7008700.0,0.0,148233345000.0,0.0,760300.0,16080273403.55558,554730.0,11732487261.810322,4551.0,11848683.0,2378.0,10849475.0,1.1550000000000002,270377929.0,-48300000.0,0.0,-48300000.0,1000.0
2025-09-19T00:00:00,TCH,21.5,20.7,21.35,20.998527952565343,20.7,21.0,8264000.0,8264000.0,0.0,173531835000.0,0.0,720576.0,15131035277.947725,3146100.0,66063468791.565834,5701.0,16384948.0,3066.0,17385134.0,1.1550000000000002,270600301.0,1052500000.0,0.0,1052500000.0,1000.0
2025-09-22T00:00:00,TCH,21.35,20.55,21.1,20.93958877095296,21.1,20.7,6896400.0,6896400.0,0.0,144407780000.0,0.0,789200.0,16525523458.036077,1005000.0,21044286714.807724,4741.0,11653041.0,3154.0,11098967.0,1.1550000000000002,271185609.0,-8460000.0,0.0,-8460000.0,1000.0
2025-09-23T00:00:00,TCH,21.35,20.85,21.3,21.057389379448672,21.2,21.1,4088300.0,4088300.0,0.0,86088925000.0,0.0,1038100.0,21859675914.805664,836200.0,17608188999.09498,2312.0,6338290.0,1993.0,9538634.0,1.1550000000000002,270937209.0,0.0,0.0,0.0,1000.0
2025-09-24T00:00:00,TCH,21.7,20.7,21.15,21.364372941951263,21.7,21.2,5314500.0,5314500.0,0.0,113540960000.0,0.0,183600.0,3922498872.1422524,303800.0,6490496499.764794,3539.0,10398435.0,4271.0,10382510.0,1.1550000000000002,273983133.0,-1072500000.0,0.0,-1072500000.0,1000.0
2025-09-25T00:00:00,TCH,22.45,21.7,21.8,22.05660900613582,22.2,21.7,14423500.0,14423500.0,0.0,318133500000.0,0.0,1610100.0,35513346160.77928,399491.0,8811416788.470205,4711.0,20782554.0,6487.0,22850213.0,1.1550000000000002,272805133.0,77700000.0,0.0,77700000.0,1000.0
2025-09-26T00:00:00,TCH,22.5,21.85,22.2,22.198753267363703,22.0,22.2,10712000.0,10712000.0,0.0,237793045000.0,0.0,1124000.0,24951398672.516804,199500.0,4428651276.839059,4171.0,13896211.0,5518.0,19275060.0,1.1550000000000002,272007824.0,0.0,0.0,0.0,1000.0
2025-09-29T00:00:00,TCH,22.15,21.55,21.6,21.819174529041156,22.05,22.0,6594600.0,6380600.0,214000.0,143885909000.0,4666484000.0,1061170.0,23153853434.9826,752200.0,16412383080.744757,4156.0,11336723.0,3408.0,13169462.0,1.1550000000000002,271332954.0,0.0,0.0,0.0,1000.0
2025-09-30T00:00:00,TCH,22.15,21.05,22.05,21.638154561609134,22.15,22.05,7934700.0,7934700.0,0.0,171692265000.0,0.0,1394600.0,30176570351.6201,543600.0,11762500819.690725,4811.0,11897247.0,3151.0,11726363.0,1.1550000000000002,270665954.0,-8780000.0,0.0,-8780000.0,1000.0
2025-10-01T00:00:00,TCH,23.7,21.85,22.15,22.856739495713768,22.9,22.15,19877600.0,19877600.0,0.0,454337125000.0,0.0,3212300.0,73422704282.08133,865800.0,19789365055.38898,6184.0,26949407.0,11077.0,29781501.0,1.1550000000000002,268028254.0,0.0,0.0,0.0,1000.0
2025-10-02T00:00:00,TCH,23.15,22.0,23.15,22.42188120423108,22.1,22.9,6145000.0,6145000.0,0.0,137782460000.0,0.0,59800.0,1340828496.0130186,172050.0,3857684661.187958,3969.0,8747062.0,4478.0,15148807.0,1.1550000000000002,268803154.0,0.0,0.0,0.0,1000.0
2025-10-03T00:00:00,TCH,22.0,21.4,21.75,21.648716967656362,21.4,22.1,7840800.0,7840800.0,0.0,169743260000.0,0.0,663920.0,14373016169.166412,305620.0,6616280879.655137,5384.0,11989372.0,2539.0,12225082.0,1.1550000000000002,268041734.0,0.0,0.0,0.0,1000.0
2025-10-06T00:00:00,TCH,22.75,21.55,21.8,22.22322074701956,22.7,21.4,6936900.0,6936900.0,0.0,154160260000.0,0.0,303100.0,6735858208.421629,742200.0,16494074438.43792,3970.0,11459224.0,3928.0,11436825.0,1.1550000000000002,268208754.0,0.0,0.0,0.0,1000.0
2025-10-07T00:00:00,TCH,22.75,22.1,22.75,22.319477363639763,22.1,22.7,5349800.0,5349800.0,0.0,119404740000.0,0.0,287000.0,6405690003.364612,308300.0,6881094871.210138,3920.0,8233645.0,3249.0,9600235.0,1.1550000000000002,268361004.0,0.0,0.0,0.0,1000.0
2025-10-08T00:00:00,TCH,23.4,21.8,22.5,22.76652539227766,23.3,22.1,13472600.0,13472600.0,0.0,306724290000.0,0.0,1104700.0,25150180600.849133,1303920.0,29685727789.498688,7065.0,21264470.0,6689.0,20074310.0,1.1550000000000002,267428904.0,0.0,0.0,0.0,1000.0
2025-10-09T00:00:00,TCH,23.9,23.15,23.55,23.481501498523514,23.6,23.3,9075600.0,9075600.0,0.0,213108715000.0,0.0,222000.0,5212893332.67222,368900.0,8662325902.805325,4410.0,13256328.0,6563.0,17055693.0,1.1550000000000002,268674704.0,0.0,0.0,0.0,1000.0
2025-10-10T00:00:00,TCH,24.7,23.6,23.95,24.160487334929176,24.7,23.6,23770100.0,23770100.0,0.0,574297200000.0,0.0,4492400.0,108538573303.43582,436800.0,10553300867.897064,9955.0,29597232.0,9684.0,35355619.0,1.1550000000000002,264615904.0,0.0,0.0,0.0,1000.0
2025-10-13T00:00:00,TCH,25.9,24.3,24.3,25.221882032667875,25.85,24.7,19285000.0,19285000.0,0.0,486403995000.0,0.0,3156000.0,79600259695.09982,856000.0,21589931019.963703,9814.0,27738759.0,8397.0,27632289.0,1.1550000000000002,262096024.0,-316170000.0,0.0,-316170000.0,1000.0
2025-10-14T00:00:00,TCH,26.25,24.7,26.2,25.296153552349473,24.7,25.85,19636300.0,19636300.0,0.0,496722860000.0,0.0,1699877.0,43000349612.10717,351100.0,8881479512.2299,13976.0,24573392.0,5979.0,32622986.0,1.1550000000000002,339050978.0,1074490000.0,0.0,1074490000.0,1000.0
2025-10-15T00:00:00,TCH,25.2,24.1,24.8,24.537436137677442,24.5,24.7,16970100.0,16970100.0,0.0,416402745000.0,0.0,915200.0,22456661553.202396,314400.0,7714569921.685788,11756.0,25224359.0,5347.0,24994588.0,1.1550000000000002,337825178.0,326545000.0,0.0,326545000.0,1000.0
2025-10-16T00:00:00,TCH,25.5,24.35,24.7,24.93147332480276,25.5,24.5,15551900.0,15551900.0,0.0,387731780000.0,0.0,1708100.0,42585449586.09559,502400.0,12525572198.380905,9772.0,22700860.0,7434.0,25039223.0,1.1550000000000002,336837078.0,0.0,0.0,0.0,1000.0
2025-10-17T00:00:00,TCH,25.8,24.5,25.6,24.992426400421586,24.5,25.5,14042200.0,14042200.0,0.0,350948650000.0,0.0,83600.0,2089366847.0752447,539700.0,13488412528.30753,10185.0,17723431.0,6357.0,25614226.0,1.1550000000000002,337512478.0,-995825000.0,0.0,-995825000.0,1000.0
2025-10-20T00:00:00,TCH,24.55,22.8,24.2,23.607915903807783,22.8,24.5,14583300.0,14583300.0,0.0,344281320000.0,0.0,1471300.0,34734326669.272385,65300.0,1541596908.5186481,10053.0,19269416.0,6667.0,27391022.0,1.1550000000000002,336124778.0,-1593540000.0,0.0,-1593540000.0,1000.0
2025-10-21T00:00:00,TCH,22.7,21.25,22.3,21.734653567447047,21.5,22.8,17940000.0,17940000.0,0.0,389919685000.0,0.0,1930100.0,41950054850.52954,1192500.0,25918574379.1806,9716.0,23588538.0,6983.0,27886587.0,1.1550000000000002,334252178.0,598830000.0,0.0,598830000.0,1000.0
2025-10-22T00:00:00,TCH,22.65,21.45,21.7,21.861063279255347,22.55,21.5,8734300.0,8734300.0,0.0,190941085000.0,0.0,342600.0,7489600279.472883,107700.0,2354436515.1758013,4652.0,15016460.0,4131.0,12737432.0,1.1550000000000002,335565778.0,0.0,0.0,0.0,1000.0
2025-10-23T00:00:00,TCH,22.85,22.0,22.55,22.34087787275086,22.05,22.55,6013400.0,6013400.0,0.0,134344635000.0,0.0,121800.0,2721118924.9010544,1221300.0,27284914145.99062,5049.0,9390226.0,3470.0,13044112.0,1.1550000000000002,335468678.0,0.0,0.0,0.0,1000.0
2025-10-24T00:00:00,TCH,22.2,21.35,22.0,21.757292226281294,22.0,22.05,7445600.0,7445600.0,0.0,161996095000.0,0.0,1049700.0,22838629649.927475,1660600.0,36130159470.962715,5251.0,12154856.0,3316.0,14639891.0,1.1550000000000002,334617978.0,0.0,0.0,0.0,1000.0
2025-10-27T00:00:00,TCH,22.2,21.15,22.05,21.586956482566,21.15,22.0,5549500.0,5549500.0,0.0,119796815000.0,0.0,186400.0,4023808688.3503017,551700.0,11909523891.43166,3903.0,8494580.0,2375.0,10750787.0,1.1550000000000002,335408778.0,-281000000.0,0.0,-281000000.0,1000.0
2025-10-28T00:00:00,TCH,21.95,20.75,21.05,21.327350729704236,21.95,21.15,7208400.0,7208400.0,0.0,153736075000.0,0.0,1815010.0,38709354847.92049,427100.0,9108911496.65668,4880.0,12101791.0,3371.0,14109293.0,1.1550000000000002,334924768.0,0.0,0.0,0.0,1000.0
2025-10-29T00:00:00,TCH,22.35,21.9,22.05,22.155613322887735,22.2,21.95,5681200.0,4212300.0,1468900.0,125937138900.0,32611048900.0,1773700.0,39297411350.80597,1479600.0,32781445472.54469,2568.0,8164915.0,3225.0,9726980.0,1.1550000000000002,335391368.0,-667500000.0,0.0,-667500000.0,1000.0
2025-10-30T00:00:00,TCH,22.55,21.4,21.95,22.005682758457645,22.1,22.2,8459800.0,8459800.0,0.0,186163675000.0,0.0,349537.0,7691800334.343011,1010370.0,22233881688.662853,5988.0,14128780.0,3837.0,13694161.0,1.1550000000000002,335406531.0,0.0,0.0,0.0,1000.0
2025-10-31T00:00:00,TCH,22.1,21.55,22.1,21.74183620369223,21.65,22.1,4035500.0,4035500.0,0.0,87739180000.0,0.0,122200.0,2656852384.091191,303300.0,6594298920.579854,3779.0,6872011.0,2018.0,9483321.0,1.1550000000000002,335945168.0,983915000.0,0.0,983915000.0,1000.0
2025-11-03T00:00:00,TCH,21.7,20.15,21.5,20.859153003676905,20.15,21.65,7642300.0,7642300.0,0.0,159411905000.0,0.0,381434.0,7956390166.804496,374500.0,7811752799.877001,5274.0,9382389.0,2779.0,14833732.0,1.1550000000000002,335685934.0,0.0,0.0,0.0,1000.0
2025-11-04T00:00:00,TCH,21.55,19.3,20.05,20.317790621812602,21.55,20.15,10906700.0,10882700.0,24000.0,221616420000.0,504000000.0,2238200.0,45475278969.74097,487625.0,9907462651.96137,5071.0,17890083.0,3905.0,15312946.0,1.1550000000000002,333941367.0,0.0,0.0,0.0,1000.0
2025-11-05T00:00:00,TCH,22.1,21.1,21.15,21.610345493148042,22.0,21.55,6217200.0,6217200.0,0.0,134355840000.0,0.0,1415836.0,30596705121.63675,376037.0,8126289488.20691,2754.0,9418161.0,3450.0,10312760.0,1.1550000000000002,333639556.0,0.0,0.0,0.0,1000.0
2025-11-06T00:00:00,TCH,22.1,21.25,22.0,21.660404351459256,21.7,22.0,6462200.0,6462200.0,0.0,139973865000.0,0.0,27520.0,596094327.7521588,304506.0,6595723087.445452,3781.0,14115691.0,5024.0,11981618.0,1.1550000000000002,334037573.0,389600000.0,0.0,389600000.0,1000.0
2025-11-07T00:00:00,TCH,21.55,20.3,21.5,21.040475149285243,21.0,21.7,6631600.0,6631600.0,0.0,139532015000.0,0.0,799800.0,16828172024.398335,1081500.0,22755273873.95199,4949.0,10061757.0,3081.0,10648650.0,1.1550000000000002,333258193.0,10575000.0,0.0,10575000.0,1000.0
2025-11-10T00:00:00,TCH,21.1,20.2,20.65,20.666115474368304,20.5,21.0,3985300.0,3985300.0,0.0,82360670000.0,0.0,444603.0,9188216938.25057,197756.0,4086848331.7491784,3597.0,7465209.0,2725.0,6792427.0,1.1550000000000002,333615990.0,0.0,0.0,0.0,1000.0
2025-11-11T00:00:00,TCH,20.85,20.25,20.6,20.536441377683417,20.85,20.5,4239000.0,4239000.0,0.0,87053975000.0,0.0,510387.0,10481532705.431705,430700.0,8845045301.368248,2426.0,7015521.0,2784.0,6966789.0,1.1550000000000002,333631745.0,0.0,0.0,0.0,1000.0
2025-11-12T00:00:00,TCH,21.4,20.7,21.1,21.134943884539116,21.4,20.85,4891700.0,4891700.0,0.0,103385805000.0,0.0,87200.0,1842967106.731811,581244.0,12284559323.225054,3064.0,7850395.0,3835.0,9932080.0,1.1550000000000002,334207745.0,0.0,0.0,0.0,1000.0
2025-11-13T00:00:00,TCH,21.4,21.0,21.4,21.13114957384379,21.05,21.4,3662800.0,2862800.0,800000.0,77359855000.0,16865600000.0,1002601.0,21186111693.885357,1422600.0,30061173383.750175,3110.0,5633899.0,2614.0,8107594.0,1.1550000000000002,334040844.0,-1470000000.0,0.0,-1470000000.0,1000.0
2025-11-14T00:00:00,TCH,21.5,20.9,20.95,21.20947204968944,21.3,21.05,3831800.0,3831800.0,0.0,81270455000.0,0.0,433000.0,9183701397.515528,212790.0,4513163557.453416,2673.0,6334201.0,3384.0,9260636.0,1.1550000000000002,333911145.0,0.0,0.0,0.0,1000.0
2025-11-17T00:00:00,TCH,21.9,21.35,21.5,21.682328711256115,21.75,21.3,4904000.0,4904000.0,0.0,106330140000.0,0.0,210300.0,4559793727.977161,227500.0,4932729781.810767,3347.0,8313561.0,4812.0,10933276.0,1.1550000000000002,334384379.0,10875000.0,0.0,10875000.0,1000.0
2025-11-18T00:00:00,TCH,21.85,21.4,21.7,21.61340869381056,21.75,21.75,5666100.0,5666100.0,0.0,122463735000.0,0.0,1012100.0,21874930939.005665,221000.0,4776563321.332133,3170.0,10427846.0,3453.0,10893363.0,1.1550000000000002,334025778.0,0.0,0.0,0.0,1000.0
2025-11-19T00:00:00,TCH,21.75,21.1,21.75,21.48624263655837,21.75,21.75,4481600.0,4481600.0,0.0,96292745000.0,0.0,842800.0,18108605294.091396,172400.0,3704228230.542663,2869.0,7270145.0,3098.0,7683137.0,1.1550000000000002,333379978.0,0.0,0.0,0.0,1000.0
2025-11-20T00:00:00,TCH,21.6,21.2,21.5,21.429995300868104,21.45,21.75,4043300.0,4043300.0,0.0,86647900000.0,0.0,584600.0,12527975252.887493,172700.0,3700960188.4599214,2717.0,9593288.0,3317.0,8359016.0,1.1550000000000002,333008378.0,0.0,0.0,0.0,1000.0
2025-11-21T00:00:00,TCH,20.9,20.25,20.9,20.51459143523814,20.5,20.45,4371400.0,4371400.0,0.0,89677485000.0,0.0,533904.0,10952822425.639383,256776.0,5267654730.374708,2841.0,10636208.0,2820.0,8263721.0,1.1,332584974.0,0.0,0.0,0.0,1000.0
2025-11-24T00:00:00,TCH,20.6,20.2,20.5,20.35673245673246,20.45,20.5,3703700.0,3703700.0,0.0,75395230000.0,0.0,330900.0,6736042769.93277,356200.0,7251068101.088101,2228.0,11585860.0,1774.0,6649124.0,1.1,332553550.0,0.0,0.0,0.0,1000.0
2025-11-25T00:00:00,TCH,20.55,19.8,20.45,20.180958601931767,20.1,20.45,4669300.0,4669300.0,0.0,94230950000.0,0.0,205739.0,4152010241.8028398,324060.0,6539841444.542008,2860.0,8964123.0,2574.0,8482081.0,1.1,332676611.0,0.0,0.0,0.0,1000.0
2025-11-26T00:00:00,TCH,20.75,20.05,20.1,20.404569963578652,20.7,20.1,4914700.0,4914700.0,0.0,100282340000.0,0.0,981600.0,20029125876.248806,550846.0,11239775746.157446,2685.0,12099779.0,3213.0,7877508.0,1.1,331691950.0,0.0,0.0,0.0,1000.0
2025-11-27T00:00:00,TCH,20.75,20.2,20.7,20.361726741701094,20.35,20.7,3509500.0,3509500.0,0.0,71459480000.0,0.0,120100.0,2445443381.678302,1273074.0,25921984909.964382,3095.0,7994648.0,2278.0,8920169.0,1.1,332378996.0,0.0,0.0,0.0,1000.0
2025-11-28T00:00:00,TCH,20.45,19.95,20.4,20.161120058184842,20.45,20.35,5774700.0,5774700.0,0.0,116424420000.0,0.0,618569.0,12471043873.27134,1202200.0,24237698533.949814,3729.0,15693786.0,2706.0,8241567.0,1.1,331998548.0,2030000000.0,0.0,2030000000.0,1000.0
2025-12-01T00:00:00,TCH,20.45,20.05,20.45,20.15702840619153,20.3,20.45,2939500.0,2939500.0,0.0,59251585000.0,0.0,330400.0,6659882185.405682,899400.0,18129231348.52866,2567.0,5282806.0,2307.0,5506785.0,1.1,332286417.0,0.0,0.0,0.0,1000.0
2025-12-02T00:00:00,TCH,20.2,19.6,20.05,19.880502332744488,20.2,20.3,4415400.0,4415400.0,0.0,87780370000.0,0.0,100100.0,1990038283.5077229,371445.0,7384513188.986276,4517.0,8020395.0,2375.0,7377387.0,1.1,333669991.0,0.0,0.0,0.0,1000.0
2025-12-03T00:00:00,TCH,20.35,19.95,20.25,20.18230802634436,20.3,20.2,2763400.0,2763400.0,0.0,55771790000.0,0.0,99820.0,2014597987.189694,13100.0,264388235.14511108,2136.0,5265228.0,2273.0,5810640.0,1.1,334254196.0,0.0,0.0,0.0,1000.0
2025-12-04T00:00:00,TCH,20.8,20.3,20.4,20.598704517442794,20.75,20.3,7464400.0,7464400.0,0.0,153756970000.0,0.0,1019600.0,21002439125.984673,35844.0,738339964.7232195,4306.0,12664750.0,4785.0,11326669.0,1.1,333816802.0,-1450000000.0,0.0,-1450000000.0,1000.0
2025-12-05T00:00:00,TCH,20.9,20.2,20.9,20.408114818120954,20.4,20.75,3584800.0,3584800.0,0.0,73159010000.0,0.0,30300.0,618365878.9890649,162120.0,3308563574.3137693,3773.0,5960957.0,3214.0,9015726.0,1.1,334093191.0,0.0,0.0,0.0,1000.0
2025-12-08T00:00:00,TCH,20.4,19.95,20.25,20.079645710949755,20.1,20.4,2740700.0,2740700.0,0.0,55032285000.0,0.0,500.0,10039822.855474878,280400.0,5630332657.350312,2818.0,9305083.0,1726.0,5012735.0,1.1,334103391.0,0.0,0.0,0.0,1000.0
2025-12-09T00:00:00,TCH,20.1,19.3,20.0,19.685922197047212,20.1,20.1,5472800.0,5472800.0,0.0,107737115000.0,0.0,359200.0,7071183253.179359,830900.0,16357032753.526531,4510.0,8106423.0,2642.0,7954689.0,1.1,333764191.0,0.0,0.0,0.0,1000.0
2025-12-10T00:00:00,TCH,20.0,19.7,19.95,19.879255751801068,20.0,20.1,1721200.0,1721200.0,0.0,34216175000.0,0.0,30900.0,614269002.730653,16700.0,331983571.05507785,2042.0,3152166.0,1436.0,3523317.0,1.1,334182311.0,9950000.0,0.0,9950000.0,1000.0
2025-12-11T00:00:00,TCH,20.1,19.65,19.95,19.840589522985287,19.95,20.0,1964300.0,1964300.0,0.0,38972870000.0,0.0,30225.0,599681818.3322303,188300.0,3735983007.1781297,1971.0,3328166.0,1723.0,4526274.0,1.1,350985161.0,0.0,0.0,0.0,1000.0
2025-12-12T00:00:00,TCH,19.85,18.6,19.85,19.069934895651812,18.6,19.95,7173100.0,7173100.0,0.0,136790550000.0,0.0,1590.0,30321196.48408638,86400.0,1647642374.9843163,4592.0,9177661.0,2925.0,10980990.0,1.1,351647996.0,0.0,0.0,0.0,1000.0
2025-12-15T00:00:00,TCH,18.7,17.65,18.6,18.209124468640464,17.95,18.6,5363600.0,5363600.0,0.0,97666460000.0,0.0,196701.0,3581752992.106048,110600.0,2013929166.2316356,3703.0,7782444.0,2330.0,9126955.0,1.1,351291685.0,9150000.0,0.0,9150000.0,1000.0
2025-12-16T00:00:00,TCH,19.0,17.0,17.75,17.879024913744683,19.0,17.95,10170400.0,9970400.0,200000.0,181918630000.0,3657600000.0,1976300.0,35334316937.03362,3611574.0,64571421523.83254,5730.0,16507727.0,4807.0,12110190.0,1.1,349612160.0,2064660000.0,0.0,2064660000.0,1000.0
2025-12-17T00:00:00,TCH,18.75,18.35,18.55,18.51089144116915,18.65,19.0,2812300.0,2812300.0,0.0,52058180000.0,0.0,356459.0,6598373852.227714,698800.0,12935410939.089003,2316.0,4101413.0,2762.0,6030084.0,1.1,351427611.0,0.0,0.0,0.0,1000.0
2025-12-18T00:00:00,TCH,18.4,18.05,18.4,18.230159497341713,18.4,18.65,5172500.0,5172500.0,0.0,94295500000.0,0.0,802100.0,14622410932.817787,2666600.0,48612543315.611404,2814.0,7204645.0,2706.0,8267628.0,1.1,350902569.0,0.0,0.0,0.0,1000.0
2025-12-19T00:00:00,TCH,18.8,18.1,18.25,18.489536690889235,18.8,18.4,4854000.0,4761400.0,92600.0,89776960000.0,1740880000.0,1835400.0,33935695642.4581,1040902.0,19245795720.619987,2359.0,7003745.0,2973.0,8357840.0,1.1,351606244.0,0.0,0.0,0.0,1000.0
2025-12-22T00:00:00,TCH,19.2,18.55,18.75,18.84762043006447,19.15,18.8,4994600.0,4994600.0,0.0,94136325000.0,0.0,636400.0,11994625641.69303,169300.0,3190902138.8099146,2680.0,8483625.0,2839.0,8876917.0,1.1,352152687.0,2579720000.0,0.0,2579720000.0,1000.0
2025-12-23T00:00:00,TCH,19.1,18.65,19.05,18.858912585571353,18.85,19.15,3038400.0,3038400.0,0.0,57300920000.0,0.0,427501.0,8062203989.244339,84425.0,1592163695.0368614,2122.0,4797222.0,2298.0,7294406.0,1.1,353957686.0,0.0,0.0,0.0,1000.0
2025-12-24T00:00:00,TCH,19.05,18.55,18.7,18.801334738687594,19.0,18.85,4791200.0,4791200.0,0.0,90080955000.0,0.0,720149.0,13539762410.731133,1163100.0,21867832434.56754,2601.0,7243594.0,2992.0,8915910.0,1.1,353229162.0,0.0,0.0,0.0,1000.0
2025-12-25T00:00:00,TCH,18.95,18.45,18.9,18.670146740633488,18.85,19.0,6146900.0,6146900.0,0.0,114763525000.0,0.0,1044800.0,19506569314.61387,1736900.0,32428177873.80631,4231.0,8856036.0,4055.0,10298973.0,1.1,352786611.0,0.0,0.0,0.0,1000.0
2025-12-26T00:00:00,TCH,18.75,18.0,18.35,18.362501132677288,18.7,18.85,5517900.0,5517900.0,0.0,101322445000.0,0.0,607100.0,11147874437.64838,208834.0,3834714561.5415287,3623.0,8579717.0,2926.0,8553181.0,1.1,353436511.0,0.0,0.0,0.0,1000.0
2025-12-29T00:00:00,TCH,18.6,18.25,18.55,18.3818907763137,18.5,18.7,3149500.0,3149500.0,0.0,57893765000.0,0.0,353000.0,6488807444.038736,832806.0,15308548929.858707,2523.0,5224858.0,2501.0,6990570.0,1.1,353734996.0,925000000.0,0.0,925000000.0,1000.0
2025-12-30T00:00:00,TCH,18.45,18.15,18.4,18.265975503606068,18.3,18.5,3216800.0,3216800.0,0.0,58757990000.0,0.0,180007.0,3288003452.4776177,355270.0,6489353117.166128,2531.0,5420105.0,3235.0,6698267.0,1.1,354599889.0,0.0,0.0,0.0,1000.0
2025-12-31T00:00:00,TCH,18.3,17.9,18.2,18.102811285216205,18.3,18.3,4990600.0,4990600.0,0.0,90343890000.0,0.0,728500.0,13187898021.280006,58403.0,1057258487.4904821,2959.0,7998612.0,2673.0,7812318.0,1.1,354051596.0,0.0,0.0,0.0,1000.0
2026-01-05T00:00:00,TCH,18.2,17.5,18.15,17.830369435520883,17.9,18.3,7408600.0,7408600.0,0.0,132098075000.0,0.0,577500.0,10297038349.01331,3287150.0,58611098889.972466,3868.0,9884634.0,3216.0,10276390.0,1.1,353899705.0,0.0,0.0,0.0,1000.0
2026-01-06T00:00:00,TCH,17.85,17.0,17.6,17.25626168558193,17.25,17.9,8397100.0,8397100.0,0.0,144902555000.0,0.0,778200.0,13428822843.719856,2773500.0,47860241784.96147,5274.0,13655531.0,4149.0,11885225.0,1.1,353982368.0,0.0,0.0,0.0,1000.0
2026-01-07T00:00:00,TCH,17.65,17.0,17.4,17.328824128757148,17.6,17.25,5299900.0,5299900.0,0.0,91841035000.0,0.0,1448838.0,25106658893.060246,744300.0,12897843799.033943,4239.0,9218528.0,3748.0,8059951.0,1.1,353316330.0,0.0,0.0,0.0,1000.0
2026-01-08T00:00:00,TCH,17.7,17.1,17.6,17.28725405604198,17.1,17.6,7069700.0,7069700.0,0.0,122215700000.0,0.0,714005.0,12343185832.284256,2706600.0,46789681828.08323,4662.0,10275001.0,3041.0,11477722.0,1.1,355921475.0,-17500000.0,0.0,-17500000.0,1000.0
2026-01-09T00:00:00,TCH,17.1,15.95,17.1,16.247851375987498,15.95,17.1,18430400.0,18430400.0,0.0,299454400000.0,0.0,871420.0,14158702646.063026,5740918.0,93277582425.7314,9880.0,24507284.0,4963.0,25794406.0,1.1,357891560.0,-807500000.0,0.0,-807500000.0,1000.0
2026-01-12T00:00:00,TCH,16.6,15.5,15.95,16.19589532599905,16.3,15.95,7789900.0,7789900.0,0.0,126164405000.0,0.0,1536540.0,24885641004.21058,2219863.0,35952668786.05823,5213.0,14072699.0,3931.0,11950767.0,1.1,356917040.0,0.0,0.0,0.0,1000.0
2026-01-13T00:00:00,TCH,16.85,16.45,16.6,16.579909055495623,16.45,16.3,6674400.0,6674400.0,0.0,110660945000.0,0.0,273901.0,4541253670.209308,1243600.0,20618774901.41436,3079.0,11184860.0,3698.0,11197210.0,1.1,360175574.0,-8375000.0,0.0,-8375000.0,1000.0
2026-01-14T00:00:00,TCH,16.6,15.95,16.45,16.128840018111553,15.95,16.45,9560500.0,9496700.0,63800.0,154196595200.0,1025840200.0,1084102.0,17485307721.31477,1958300.0,31585107407.467854,6257.0,15612635.0,3641.0,15097964.0,1.1,364452171.0,0.0,0.0,0.0,1000.0
2026-01-15T00:00:00,TCH,16.3,15.7,15.7,15.945148537361694,15.95,15.95,7917200.0,7917200.0,0.0,126240930000.0,0.0,1082800.0,17265406836.25524,1519200.0,24223869657.959885,5908.0,15696751.0,4532.0,12737236.0,1.1,365225096.0,818450000.0,0.0,818450000.0,1000.0
2026-01-16T00:00:00,TCH,16.3,15.75,16.05,15.88241348323999,15.9,15.95,4785200.0,4785200.0,0.0,76000525000.0,0.0,661206.0,10501547089.59918,930275.0,14775012203.121082,4094.0,8566966.0,2794.0,9200490.0,1.1,366612089.0,0.0,0.0,0.0,1000.0
2026-01-19T00:00:00,TCH,16.1,15.75,15.9,15.884093249007206,16.0,15.9,5439200.0,5439200.0,0.0,86396760000.0,0.0,658200.0,10454910176.496544,519500.0,8251786442.859244,3939.0,10713634.0,2937.0,9070026.0,1.1,367346493.0,1687725000.0,0.0,1687725000.0,1000.0
2026-01-20T00:00:00,TCH,16.05,15.55,16.0,15.68751504490325,15.55,16.0,8152779.0,7560700.0,592079.0,128018506547.0,9409911547.0,921879.0,14461990682.080362,2615379.0,41028797410.624016,5397.0,13329357.0,2999.0,12383069.0,1.1,368096293.0,0.0,0.0,0.0,1000.0
2026-01-21T00:00:00,TCH,15.85,15.0,15.5,15.242274730210369,15.1,15.55,8237900.0,8237900.0,0.0,125564335000.0,0.0,745200.0,11358543128.952766,1484100.0,22621059927.10521,5209.0,14466944.0,3130.0,13711017.0,1.1,367967262.0,7550000.0,0.0,7550000.0,1000.0
2026-01-22T00:00:00,TCH,16.15,15.1,15.15,15.846596436456464,16.05,15.1,11595200.0,11595200.0,0.0,183744455000.0,0.0,1333100.0,21125097709.440113,1030900.0,16336256266.34297,5674.0,19777433.0,4478.0,16141770.0,1.1,367389962.0,1537600000.0,0.0,1537600000.0,1000.0
2026-01-23T00:00:00,TCH,16.05,15.35,16.05,15.553580306097086,15.35,16.05,5632200.0,5632200.0,0.0,87600875000.0,0.0,1600.0,24885728.489755336,3379200.0,52558658570.363266,4951.0,8339783.0,4515.0,12662381.0,1.1,370114662.0,15350000.0,0.0,15350000.0,1000.0
2026-01-26T00:00:00,TCH,15.5,14.55,15.4,14.910025168355894,14.6,15.35,7350500.0,7350500.0,0.0,109596140000.0,0.0,189100.0,2819485759.3360996,1565800.0,23346117408.61166,5556.0,10331562.0,2610.0,12786559.0,1.1,370654862.0,14600000.0,0.0,14600000.0,1000.0
2026-01-27T00:00:00,TCH,14.8,14.4,14.6,14.567854885316958,14.6,14.6,4579600.0,4429600.0,150000.0,66710170000.0,2180400000.0,1045500.0,15230692282.59888,1362420.0,19847536852.85353,3849.0,9791007.0,1811.0,7086953.0,1.1,369803662.0,14600000.0,0.0,14600000.0,1000.0
2026-01-28T00:00:00,TCH,15.5,14.05,14.75,14.696715667522817,15.5,14.6,9149500.0,9149500.0,0.0,134467600000.0,0.0,1875700.0,27566629577.572544,1432400.0,21051575522.15968,4944.0,17329394.0,3740.0,13197692.0,1.1,372206062.0,0.0,0.0,0.0,1000.0
2026-01-29T00:00:00,TCH,15.5,14.9,15.4,15.181555355947726,15.45,15.5,5677800.0,5677800.0,0.0,86197835000.0,0.0,1260200.0,19131796059.565323,1565940.0,23773404794.09278,3413.0,7816328.0,4715.0,10983180.0,1.1,373883162.0,0.0,0.0,0.0,1000.0
2026-01-30T00:00:00,TCH,15.7,15.15,15.5,15.49050048174007,15.7,15.45,7626700.0,7576700.0,50000.0,118099375000.0,732500000.0,1391600.0,21556580470.389484,636000.0,9851958306.386686,3856.0,12786087.0,4741.0,15169425.0,1.1,374070682.0,-7750000.0,0.0,-7750000.0,1000.0
2026-02-02T00:00:00,TCH,15.5,14.9,15.45,15.199512329053682,15.4,15.7,7648600.0,7648600.0,0.0,116254990000.0,0.0,992500.0,15085515986.585781,1283200.0,19504014220.641685,3924.0,14545031.0,2703.0,13612045.0,1.1,373544682.0,0.0,0.0,0.0,1000.0
2026-02-03T00:00:00,TCH,15.5,15.25,15.4,15.36442652329749,15.5,15.4,4408200.0,4408200.0,0.0,67729465000.0,0.0,974901.0,14978794781.989246,155500.0,2389168324.37276,2809.0,9780345.0,2816.0,8631394.0,1.1,374023521.0,1552675000.0,0.0,1552675000.0,1000.0
2026-02-04T00:00:00,TCH,15.55,15.2,15.35,15.344931693425234,15.4,15.5,4845800.0,4845800.0,0.0,74358470000.0,0.0,732095.0,11233947768.098146,205100.0,3147245490.3215156,2814.0,12320585.0,3571.0,10560339.0,1.1,373475826.0,1542720000.0,0.0,1542720000.0,1000.0
2026-02-05T00:00:00,TCH,15.65,15.3,15.55,15.467045640438409,15.4,15.4,4279100.0,4279100.0,0.0,66185035000.0,0.0,147000.0,2273655709.1444464,214900.0,3323868108.130214,1663.0,18301572.0,3061.0,10100655.0,1.1,373831026.0,4681130000.0,0.0,4681130000.0,1000.0
2026-02-06T00:00:00,TCH,15.3,14.7,15.3,14.879396975496265,14.7,15.4,5329800.0,5329800.0,0.0,79304210000.0,0.0,178509.0,2656106274.698863,802300.0,11937740193.440655,3723.0,8333269.0,2392.0,11058243.0,1.1,373782517.0,8940000.0,0.0,8940000.0,1000.0
2026-02-09T00:00:00,TCH,15.0,14.45,14.8,14.721034482758622,15.0,14.7,3088500.0,3088500.0,0.0,45465915000.0,0.0,944200.0,13899600758.62069,302157.0,4448063616.206897,2353.0,6295283.0,1467.0,5895771.0,1.1,372836626.0,734230000.0,0.0,734230000.0,1000.0
2026-02-10T00:00:00,TCH,15.2,14.8,14.9,15.062793676150605,15.05,15.0,3630700.0,3630700.0,0.0,54688485000.0,0.0,809300.0,12190318922.108685,110700.0,1667451259.949872,1775.0,8854075.0,2503.0,7965860.0,1.1,372516383.0,750000000.0,0.0,750000000.0,1000.0
2026-02-11T00:00:00,TCH,16.1,15.05,15.05,15.9346092945372,16.1,15.05,14272900.0,14272900.0,0.0,227433085000.0,0.0,1890100.0,30118005027.60476,25900.0,412706380.7285135,4618.0,29059797.0,6070.0,17146620.0,1.1,371440574.0,-1655000000.0,0.0,-1655000000.0,1000.0
2026-02-12T00:00:00,TCH,16.7,15.85,16.3,16.33853341043071,16.55,16.1,7090600.0,7090600.0,0.0,115850005000.0,0.0,2307806.0,37706165435.79246,957100.0,15637610327.123234,4412.0,10623044.0,4642.0,14107068.0,1.1,368981168.0,-80250000.0,0.0,-80250000.0,1000.0
2026-02-13T00:00:00,TCH,16.65,16.1,16.4,16.412915507171032,16.65,16.55,6540200.0,6540200.0,0.0,107343750000.0,0.0,1052805.0,17279599510.527203,801100.0,13148386612.794716,2989.0,9864784.0,2628.0,11457385.0,1.1,369045261.0,0.0,0.0,0.0,1000.0
2026-02-23T00:00:00,TCH,16.7,16.2,16.65,16.46791032413628,16.7,16.65,5432900.0,5432900.0,0.0,89468510000.0,0.0,708300.0,11664220882.585728,556604.0,9166104758.05555,3270.0,8494777.0,3674.0,9304649.0,1.1,369137763.0,510870000.0,0.0,510870000.0,1000.0
2026-02-24T00:00:00,TCH,16.6,16.3,16.6,16.429125288577815,16.55,16.7,5457800.0,5457800.0,0.0,89666880000.0,0.0,1054701.0,17327814870.98831,1196303.0,19654211870.101505,3349.0,8192875.0,2846.0,10761207.0,1.1,368478666.0,-718330000.0,0.0,-718330000.0,1000.0
2026-02-25T00:00:00,TCH,16.5,15.9,16.4,16.096995406046236,15.9,16.55,8097600.0,8097600.0,0.0,130347030000.0,0.0,55500.0,893383245.0355661,962200.0,15488528979.69769,5778.0,10853072.0,4007.0,14293189.0,1.1,369635367.0,0.0,0.0,0.0,1000.0
2026-02-26T00:00:00,TCH,16.0,15.5,15.95,15.693811968988058,15.8,15.9,5920300.0,5920300.0,0.0,92912075000.0,0.0,371700.0,5833389908.872861,246000.0,3860677744.3710623,5154.0,11422254.0,2536.0,9756467.0,1.1,369149867.0,0.0,0.0,0.0,1000.0
2026-02-27T00:00:00,TCH,15.9,15.2,15.9,15.39536595953711,15.2,15.8,8753700.0,8753700.0,0.0,134766415000.0,0.0,155344.0,2391577729.618333,2541215.0,39122934906.8651,5595.0,12052734.0,2716.0,12935775.0,1.1,369549725.0,1566220000.0,0.0,1566220000.0,1000.0
2026-03-02T00:00:00,TCH,14.95,14.5,14.55,14.666519816560426,14.6,15.2,12189300.0,12189300.0,0.0,178774610000.0,0.0,1125000.0,16499834793.63048,460800.0,6758332331.471045,6698.0,21749946.0,3421.0,17066398.0,1.1,369466869.0,1476290000.0,0.0,1476290000.0,1000.0
2026-03-03T00:00:00,TCH,14.85,14.3,14.55,14.510474948807472,14.4,14.6,6788100.0,6788100.0,0.0,98498555000.0,0.0,1800.0,26118854.90785345,371775.0,5394631824.092897,4361.0,11041399.0,2241.0,9634499.0,1.1,369732269.0,0.0,0.0,0.0,1000.0
2026-03-04T00:00:00,TCH,14.5,13.45,14.3,13.848567840213914,13.95,14.4,9893200.0,9873200.0,20000.0,136997680000.0,268000000.0,468800.0,6492208603.492282,1310900.0,18154087581.73642,5440.0,16363190.0,2769.0,12713427.0,1.1,371669140.0,708520000.0,0.0,708520000.0,1000.0
2026-03-05T00:00:00,TCH,14.4,13.9,14.2,14.100591160448994,13.95,13.95,4846400.0,4846400.0,0.0,68337105000.0,0.0,335900.0,4736388570.794817,1493800.0,21063463075.478706,3401.0,9053901.0,2258.0,7647639.0,1.1,371960140.0,2120900000.0,0.0,2120900000.0,1000.0
2026-03-06T00:00:00,TCH,14.2,13.7,14.2,13.890217345431525,13.8,13.95,4739000.0,4739000.0,0.0,65825740000.0,0.0,516400.0,7172908237.18084,1091400.0,15159783210.803967,3183.0,8902274.0,2569.0,8259749.0,1.1,371977615.0,0.0,0.0,0.0,1000.0
2026-03-09T00:00:00,TCH,13.1,12.85,12.9,12.863054371106875,12.85,13.8,10178200.0,10178200.0,0.0,130922740000.0,0.0,1565800.0,20140970534.279144,1158365.0,14900111976.587215,2347.0,10407839.0,2848.0,19509794.0,1.1,372003615.0,7710000.0,0.0,7710000.0,1000.0
2026-03-10T00:00:00,TCH,13.7,12.95,13.2,13.375291827019534,13.7,12.85,10965400.0,10965400.0,0.0,146665425000.0,0.0,6572700.0,87911780591.4513,392200.0,5245789454.557061,3798.0,19626021.0,3709.0,13201445.0,1.1,367747780.0,8010000.0,0.0,8010000.0,1000.0
2026-03-11T00:00:00,TCH,14.65,13.8,13.9,14.379571822288728,14.65,13.7,11546700.0,10558700.0,988000.0,166094329000.0,14264744000.0,3188500.0,45849264755.36761,183700.0,2641527343.7544394,3004.0,18622089.0,3804.0,13318176.0,1.1,365392480.0,70439690000.0,0.0,70439690000.0,1000.0
2026-03-12T00:00:00,TCH,14.85,14.25,14.65,14.575152134918108,14.6,14.65,6935100.0,5965100.0,970000.0,101032460000.0,14090220000.0,1751000.0,25521091388.241604,370300.0,5397178835.560175,2995.0,10969972.0,3535.0,12449142.0,1.1,363839980.0,1190905000.0,0.0,1190905000.0,1000.0
2026-03-13T00:00:00,TCH,15.25,14.3,14.3,14.93872857835147,15.1,14.6,18616600.0,13619400.0,4997200.0,275521141200.0,72064621200.0,10061900.0,150311993082.51465,2269800.0,33907926127.142166,5866.0,25415983.0,4620.0,27313338.0,1.1,354073280.0,1477545000.0,-72064621000.0,-70587076000.0,1000.0
2026-03-16T00:00:00,TCH,15.5,14.75,15.1,15.005410552447671,14.85,15.1,5972100.0,5881100.0,91000.0,89607678000.0,1359358000.0,972800.0,14597263385.421095,2483200.0,37261435483.83806,3251.0,9333855.0,3498.0,12319724.0,1.1,355524280.0,444500000.0,0.0,444500000.0,1000.0
2026-03-17T00:00:00,TCH,15.1,14.5,15.1,14.747352494450286,14.5,14.85,4279500.0,4279500.0,0.0,63111295000.0,0.0,146500.0,2160487140.436967,561300.0,8277688955.134946,2853.0,6624038.0,2242.0,9393881.0,1.1,356257680.0,8790000.0,0.0,8790000.0,1000.0
2026-03-18T00:00:00,TCH,14.7,14.25,14.4,14.464176029448122,14.4,14.5,3640300.0,3640300.0,0.0,52653940000.0,0.0,749800.0,10845239186.880201,253100.0,3660882953.05332,2735.0,7818445.0,1735.0,6268123.0,1.1,355546580.0,725000000.0,0.0,725000000.0,1000.0
2026-03-19T00:00:00,TCH,15.15,14.2,14.25,14.74103522302616,14.6,14.4,7546200.0,7546200.0,0.0,111238800000.0,0.0,551700.0,8132629132.543531,1594100.0,23498684249.026,4281.0,13119422.0,3834.0,13527493.0,1.1,356883380.0,1164240000.0,0.0,1164240000.0,1000.0
2026-03-20T00:00:00,TCH,15.2,14.55,14.6,14.888441739979365,14.9,14.6,9013900.0,9013900.0,0.0,134202925000.0,0.0,3842200.0,57204370853.34872,2328365.0,34665726651.90706,3349.0,12497180.0,4351.0,16422017.0,1.1,354008680.0,293040000.0,0.0,293040000.0,1000.0
2026-03-23T00:00:00,TCH,15.2,14.25,14.8,14.887055806718196,14.95,14.9,12342600.0,12342600.0,0.0,183744975000.0,0.0,2013700.0,29978064277.988434,1991200.0,29643105522.337273,6516.0,19207376.0,4899.0,19022343.0,1.1,354274445.0,208420000.0,0.0,208420000.0,1000.0
2026-03-24T00:00:00,TCH,15.95,15.15,15.35,15.871849726926685,15.95,14.95,28690500.0,27190500.0,1500000.0,455413530000.0,23850000000.0,3070500.0,48734514586.52838,3191700.0,50658182773.43189,9003.0,46097343.0,5149.0,31910971.0,1.1,354397445.0,-4306310000.0,0.0,-4306310000.0,1000.0
2026-03-25T00:00:00,TCH,17.0,16.0,16.2,16.43901927633856,16.5,15.95,15023600.0,15023600.0,0.0,246973250000.0,0.0,2788100.0,45833629644.359535,1340900.0,22043080947.642376,8248.0,23252769.0,9035.0,26892218.0,1.1,354681345.0,-1651060000.0,0.0,-1651060000.0,1000.0
2026-03-26T00:00:00,TCH,16.5,15.85,16.5,16.145313708095614,15.9,16.5,14392900.0,12286900.0,2106000.0,232074855000.0,33699000000.0,1393900.0,22504952777.714478,653000.0,10542889851.386436,7982.0,22292386.0,4946.0,25046586.0,1.1,354369945.0,1600000000.0,0.0,1600000000.0,1000.0
2026-03-27T00:00:00,TCH,16.85,15.85,15.85,16.498823079317322,16.7,15.9,15421600.0,15421600.0,0.0,254438250000.0,0.0,2517100.0,41529187572.94963,1427000.0,23543820534.185818,7423.0,25054484.0,7034.0,25522548.0,1.1,352450245.0,-1660000000.0,0.0,-1660000000.0,1000.0
2026-03-30T00:00:00,TCH,16.9,16.1,16.2,16.577042445519226,16.35,16.7,11066200.0,10710200.0,356000.0,183488640000.0,5945200000.0,795100.0,13180406448.432335,848000.0,14057331993.800303,7451.0,17316744.0,5255.0,20267052.0,1.1,353240545.0,-1304855000.0,0.0,-1304855000.0,1000.0
2026-03-31T00:00:00,TCH,17.45,16.35,16.65,16.98223648294244,17.4,16.35,18683800.0,18683800.0,0.0,317292710000.0,0.0,3796100.0,64466267912.897804,140300.0,2382607778.5568247,8795.0,28976975.0,8753.0,24381714.0,1.1,349985745.0,-858340000.0,0.0,-858340000.0,1000.0
2026-04-01T00:00:00,TCH,17.9,17.0,17.9,17.318328863396108,17.5,17.4,10216400.0,10216400.0,0.0,176930975000.0,0.0,1661900.0,28781330738.077988,306100.0,5301140465.085548,6333.0,15565998.0,6417.0,19528982.0,1.1,348844545.0,7700625000.0,0.0,7700625000.0,1000.0
2026-04-02T00:00:00,TCH,17.3,16.8,17.3,17.087741740111106,17.2,17.5,9576400.0,9576400.0,0.0,163639050000.0,0.0,1414420.0,24169243672.04795,77100.0,1317464888.1625664,6968.0,14918239.0,5084.0,16029485.0,1.1,347786525.0,2836520000.0,0.0,2836520000.0,1000.0
2026-04-03T00:00:00,TCH,17.25,16.5,17.2,16.747856076616014,16.5,17.2,11924400.0,11924400.0,0.0,199708135000.0,0.0,862500.0,14445025866.081312,1578300.0,26433141245.723053,7867.0,17011757.0,4316.0,19630774.0,1.1,346976325.0,8408560000.0,0.0,8408560000.0,1000.0
2026-04-06T00:00:00,TCH,16.75,15.45,16.25,16.017407721026903,15.8,16.5,12990500.0,12990500.0,0.0,208074135000.0,0.0,1766100.0,28288343776.105618,286600.0,4590589052.846311,9015.0,20248604.0,3742.0,17948223.0,1.1,346163425.0,-8639845000.0,0.0,-8639845000.0,1000.0
2026-04-07T00:00:00,TCH,16.6,15.75,16.05,16.02758077821283,16.15,15.8,8606900.0,8606900.0,0.0,137947785000.0,0.0,630300.0,10102184164.507545,458900.0,7355056819.121867,6104.0,15689828.0,4164.0,12651136.0,1.1,345742725.0,-9986780000.0,0.0,-9986780000.0,1000.0
2026-04-08T00:00:00,TCH,17.25,16.45,16.95,17.081927796130252,17.25,16.15,14833000.0,14833000.0,0.0,253376235000.0,0.0,2474100.0,42262397560.40585,188100.0,3213110618.4521003,5302.0,35513517.0,6168.0,17853165.0,1.1,344566025.0,-2120250000.0,0.0,-2120250000.0,1000.0
2026-04-09T00:00:00,TCH,17.8,16.9,17.1,17.375658556049203,17.15,17.25,13812300.0,13032300.0,780000.0,239973115000.0,13528320000.0,1282000.0,22275594268.855076,774000.0,13448759722.382082,7884.0,19318530.0,7954.0,27367819.0,1.1,343323925.0,-888750000.0,0.0,-888750000.0,1000.0
2026-04-10T00:00:00,TCH,17.4,16.65,17.35,16.924531279963414,17.0,17.15,13904200.0,13558200.0,346000.0,235400080000.0,5933900000.0,122400.0,2071562628.6675222,209400.0,3543996850.0243397,10023.0,23619047.0,4924.0,22622353.0,1.1,343776425.0,1771710000.0,0.0,1771710000.0,1000.0
2026-04-13T00:00:00,TCH,17.35,16.75,16.85,17.12036055300634,17.1,17.0,8020100.0,6734100.0,1286000.0,137152220000.0,21862000000.0,100.0,1712036.0553006341,225500.0,3860641304.70293,4776.0,14360082.0,4246.0,16116931.0,1.1,344108925.0,-782480000.0,0.0,-782480000.0,1000.0
2026-04-14T00:00:00,TCH,17.8,17.15,17.4,17.484567088444987,17.3,17.1,15569000.0,15569000.0,0.0,272217225000.0,0.0,2114700.0,36974614021.934616,404600.0,7074255843.984841,6840.0,22174484.0,9180.0,26577945.0,1.1,341721625.0,-2595000000.0,0.0,-2595000000.0,1000.0
2026-04-15T00:00:00,TCH,17.7,17.0,17.4,17.341400915050535,17.0,17.3,11715200.0,11715200.0,0.0,203157980000.0,0.0,556700.0,9653957889.408632,367200.0,6367762416.006556,5967.0,16886713.0,5959.0,23980793.0,1.1,341760125.0,927525000.0,0.0,927525000.0,1000.0
2026-04-16T00:00:00,TCH,17.7,16.8,17.0,17.2257051826678,17.55,17.0,14124000.0,14124000.0,0.0,243295860000.0,0.0,4594600.0,79145225032.28548,970375.0,16715393666.631266,6658.0,23455746.0,6162.0,22844308.0,1.1,337752625.0,-1074000000.0,0.0,-1074000000.0,1000.0
2026-04-17T00:00:00,TCH,17.7,17.1,17.7,17.30360723424771,17.1,17.55,8089300.0,8089300.0,0.0,139974070000.0,0.0,11600.0,200721843.91727343,2607200.0,45113964781.13063,6038.0,12449142.0,4916.0,18424100.0,1.1,338882500.0,-3535825000.0,0.0,-3535825000.0,1000.0
2026-04-20T00:00:00,TCH,17.35,16.95,17.1,17.09312317083368,17.1,17.1,5979500.0,5979500.0,0.0,102208330000.0,0.0,122600.0,2095616900.7442093,644000.0,11007971322.016891,4189.0,11559431.0,3265.0,11436510.0,1.1,338782500.0,0.0,0.0,0.0,1000.0
2026-04-21T00:00:00,TCH,17.25,16.6,17.15,16.889519498607243,16.7,17.1,9621200.0,9621200.0,0.0,162497445000.0,0.0,231200.0,3904856908.0779943,819300.0,13837583325.208914,6971.0,15097143.0,3743.0,16928402.0,1.1,338685900.0,1680000000.0,0.0,1680000000.0,1000.0
2026-04-22T00:00:00,TCH,17.0,16.6,16.6,16.803550441225607,16.9,16.7,5088100.0,5088100.0,0.0,85498145000.0,0.0,269300.0,4525196133.822056,67700.0,1137600364.8709733,4575.0,11194530.0,2870.0,9737654.0,1.1,341094100.0,-339000000.0,0.0,-339000000.0,1000.0
2026-04-23T00:00:00,TCH,17.25,16.4,16.85,16.851462478439373,17.1,16.9,8232600.0,8232600.0,0.0,138731350000.0,0.0,696700.0,11740413908.728712,254500.0,4288697200.762821,5664.0,13199193.0,4529.0,14100930.0,1.1,341015100.0,0.0,0.0,0.0,1000.0
2026-04-24T00:00:00,TCH,18.0,16.7,17.05,17.43359516943321,17.5,17.1,12934300.0,12934300.0,0.0,225491350000.0,0.0,803900.0,14014867156.70736,263100.0,4586778889.077878,6626.0,21036870.0,8237.0,23271382.0,1.1,341151400.0,-1451750000.0,0.0,-1451750000.0,1000.0
2026-04-28T00:00:00,TCH,18.15,17.35,17.55,17.7482316399388,17.9,17.5,14117600.0,14117600.0,0.0,250562435000.0,0.0,2700300.0,47925549897.32674,490664.0,8708418329.378931,5923.0,21474338.0,7631.0,22283827.0,1.1,338504700.0,-2635000000.0,0.0,-2635000000.0,1000.0
2026-04-29T00:00:00,TCH,18.3,17.65,17.65,18.071634006675875,18.15,17.9,13900800.0,13900800.0,0.0,251210170000.0,0.0,1418300.0,25630998511.668392,994200.0,17966818529.437153,7205.0,19954826.0,7756.0,24940147.0,1.1,337781364.0,0.0,0.0,0.0,1000.0
2026-05-04T00:00:00,TCH,18.5,17.3,18.3,17.75708609805042,17.3,18.15,13654200.0,13654200.0,0.0,242458805000.0,0.0,31900.0,566451046.5278083,531200.0,9432564135.284382,9069.0,18295861.0,6125.0,23094277.0,1.1,338724564.0,-359840000.0,0.0,-359840000.0,1000.0
2026-05-05T00:00:00,TCH,17.35,16.6,17.25,16.879820420103197,17.05,17.3,12306500.0,12306500.0,0.0,207731510000.0,0.0,153400.0,2589364452.4438305,3504400.0,59153642680.20965,10096.0,21727649.0,4138.0,18576573.0,1.1,338628364.0,644325000.0,0.0,644325000.0,1000.0
2026-05-06T00:00:00,TCH,17.55,16.95,17.2,17.235415868148717,17.35,17.05,5739800.0,5739800.0,0.0,98927840000.0,0.0,216700.0,3734914618.6278267,214000.0,3688378995.7838254,4554.0,14535496.0,3203.0,10259747.0,1.1,338420364.0,-1376830000.0,0.0,-1376830000.0,1000.0
2026-05-07T00:00:00,TCH,17.75,17.05,17.5,17.343088393048703,17.05,17.35,9322000.0,9322000.0,0.0,161672270000.0,0.0,460900.0,7993429440.356147,312800.0,5424918049.345634,6139.0,13905281.0,4781.0,16968796.0,1.1,338846564.0,-1206775000.0,0.0,-1206775000.0,1000.0
2026-05-08T00:00:00,TCH,17.25,16.9,17.0,17.032460262854077,16.95,17.05,8575100.0,8575100.0,0.0,146055050000.0,0.0,433100.0,7376758539.842101,2262100.0,38529128360.60221,6414.0,13409887.0,4256.0,15066909.0,1.1,342076664.0,1345660000.0,0.0,1345660000.0,1000.0
2026-05-11T00:00:00,TCH,17.45,16.6,17.0,16.811206766586682,16.6,16.95,15919400.0,15919400.0,0.0,267624325000.0,0.0,68300.0,1148205422.1578703,7124550.0,119772283168.88513,11280.0,22107357.0,7177.0,28106265.0,1.1,342377464.0,2500040000.0,0.0,2500040000.0,1000.0
2026-05-12T00:00:00,TCH,17.2,16.7,16.8,16.926460004498086,16.8,16.6,6669500.0,6669500.0,0.0,112891025000.0,0.0,326000.0,5518025961.466377,170700.0,2889346722.7678237,4684.0,10946003.0,3652.0,15113145.0,1.1,342175264.0,2567160000.0,0.0,2567160000.0,1000.0
2026-05-13T00:00:00,TCH,17.1,16.6,16.85,16.798152127202407,16.75,16.8,5817500.0,5817500.0,0.0,97723250000.0,0.0,0.0,0.0,102300.0,1718450962.612806,5237.0,10248868.0,3624.0,12789353.0,1.1,344185464.0,5080000000.0,0.0,5080000000.0,1000.0
2026-05-14T00:00:00,TCH,17.0,16.7,16.8,16.824629280129415,16.8,16.75,3338100.0,3338100.0,0.0,56162295000.0,0.0,5100.0,85805609.32866001,77200.0,1298861380.4259908,3652.0,5965716.0,2844.0,10577124.0,1.1,351247614.0,0.0,0.0,0.0,1000.0
2026-05-15T00:00:00,TCH,17.05,16.7,16.85,16.847876374088397,16.8,16.8,6540700.0,6540700.0,0.0,110196905000.0,0.0,2700.0,45489266.210038684,395727.0,6667159573.888881,5006.0,12736943.0,4382.0,15191542.0,1.1,351309214.0,1345660000.0,0.0,1345660000.0,1000.0
2026-05-18T00:00:00,TCH,16.8,16.3,16.75,16.567184826775023,16.65,16.8,7481600.0,7481600.0,0.0,123949050000.0,0.0,31200.0,516896166.59538066,1051700.0,17423708282.31929,6745.0,13047523.0,3443.0,13617786.0,1.1,351383214.0,-20010000.0,0.0,-20010000.0,1000.0
2026-05-19T00:00:00,TCH,16.85,16.4,16.8,16.563889905838593,16.4,16.65,6828700.0,6828700.0,0.0,113109835000.0,0.0,172805.0,2862322995.178438,620600.0,10279550075.56343,5610.0,11053777.0,3840.0,13173001.0,1.1,351313104.0,2412460000.0,0.0,2412460000.0,1000.0
2026-05-20T00:00:00,TCH,16.5,15.3,16.4,15.647242155419761,15.55,16.4,17461100.0,17461100.0,0.0,273218060000.0,0.0,595205.0,9313316767.11662,670100.0,10485216968.346783,11774.0,25753769.0,5501.0,25287408.0,1.1,351398536.0,1530000000.0,0.0,1530000000.0,1000.0
2026-05-21T00:00:00,TCH,15.8,15.2,15.7,15.5052369256145,15.6,15.55,5577700.0,5577700.0,0.0,86483560000.0,0.0,537800.0,8338716418.595478,867700.0,13453894080.355701,5732.0,11357367.0,2826.0,8653407.0,1.1,352475841.0,-18810000.0,0.0,-18810000.0,1000.0
2026-05-22T00:00:00,TCH,15.8,15.4,15.6,15.582669095064638,15.65,15.6,4200300.0,4200300.0,0.0,65451885000.0,0.0,48500.0,755759451.1106349,1218900.0,18993715359.97429,3800.0,8905414.0,2562.0,7699592.0,1.1,353288136.0,-281220000.0,0.0,-281220000.0,1000.0
2026-05-25T00:00:00,TCH,16.15,15.6,15.65,15.77618259374801,15.65,15.65,3141400.0,3141400.0,0.0,49559300000.0,0.0,195560.0,3085190268.033361,568700.0,8971915041.064493,2668.0,5400428.0,2648.0,7746561.0,1.1,353228771.0,0.0,0.0,0.0,1000.0
2026-05-26T00:00:00,TCH,16.15,15.6,15.75,15.896667919563992,16.0,15.65,5321000.0,5321000.0,0.0,84586170000.0,0.0,286100.0,4548036691.787258,1061100.0,16867954329.449352,3418.0,8551879.0,3645.0,10400891.0,1.1,353483331.0,-30000000.0,0.0,-30000000.0,1000.0
2026-05-27T00:00:00,TCH,16.05,15.75,16.0,15.849761361642393,15.75,16.0,2849500.0,2849500.0,0.0,45163895000.0,0.0,100.0,1584976.1361642394,5800.0,91928615.89752588,3134.0,4927260.0,2293.0,8960361.0,1.1,354942530.0,0.0,0.0,0.0,1000.0
2026-05-28T00:00:00,TCH,15.9,15.4,15.7,15.564189063207523,15.45,15.75,3754300.0,3754300.0,0.0,58432635000.0,0.0,0.0,0.0,634100.0,9869252284.979889,3776.0,6179801.0,1894.0,7207869.0,1.1,355241771.0,-85410000.0,0.0,-85410000.0,1000.0
2026-05-29T00:00:00,TCH,15.6,15.05,15.6,15.209975007673084,15.05,15.45,6842100.0,6842100.0,0.0,104068170000.0,0.0,596600.0,9074271089.57776,1876126.0,28535829571.24567,5397.0,11557007.0,3626.0,9684561.0,1.1,355466271.0,686755000.0,0.0,686755000.0,1000.0
2026-06-01T00:00:00,TCH,15.5,15.1,15.25,15.345763330898466,15.5,15.05,3552600.0,3285600.0,267000.0,54425040000.0,4005000000.0,339100.0,5203748345.507669,19700.0,302311537.6186998,2527.0,6940373.0,2488.0,6007683.0,1.1,355435971.0,-858415000.0,0.0,-858415000.0,1000.0
2026-06-02T00:00:00,TCH,15.6,14.8,15.45,15.048022379425474,15.0,15.5,6050200.0,6050200.0,0.0,91043545000.0,0.0,104700.0,1575527943.125847,913600.0,13747873245.843113,4967.0,10050048.0,2960.0,10070489.0,1.1,356314971.0,0.0,0.0,0.0,1000.0
2026-06-03T00:00:00,TCH,15.3,14.9,15.05,15.062266242885652,15.15,15.0,2705800.0,2705800.0,0.0,40755480000.0,0.0,458828.0,6910989495.690739,564000.0,8495118160.987509,2707.0,6224775.0,1962.0,6047618.0,1.1,356823969.0,27030000.0,0.0,27030000.0,1000.0
2026-06-04T00:00:00,TCH,15.2,14.85,15.15,14.959048934150342,14.9,15.15,2317400.0,2317400.0,0.0,34666100000.0,0.0,19500.0,291701454.21593165,634000.0,9484037024.251316,3016.0,5188201.0,1527.0,5456566.0,1.1,357680697.0,0.0,0.0,0.0,1000.0
2026-06-05T00:00:00,TCH,15.05,14.7,14.95,14.849422414934462,14.8,14.9,3021200.0,3021200.0,0.0,44863075000.0,0.0,205500.0,3051556306.269032,47935.0,711807063.4598835,2730.0,6577787.0,1555.0,6088733.0,1.1,357909697.0,0.0,0.0,0.0,1000.0
2026-06-08T00:00:00,TCH,15.05,14.55,14.6,14.836391247325187,14.8,14.8,4346100.0,4346100.0,0.0,64480440000.0,0.0,514300.0,7630356018.499344,621900.0,9226751716.711535,3147.0,9458830.0,2192.0,7837354.0,1.1,357530504.0,8910000.0,0.0,8910000.0,1000.0
2026-06-09T00:00:00,TCH,14.95,14.6,14.95,14.736536072227283,14.8,14.8,2580600.0,2414600.0,166000.0,37989840000.0,2407000000.0,239500.0,3529400389.2984347,696700.0,10266944681.520748,2515.0,5214678.0,1910.0,5407900.0,1.1,358334504.0,8820000.0,0.0,8820000.0,1000.0
2026-06-10T00:00:00,TCH,15.5,14.75,14.8,15.237465955659632,15.2,14.8,7857400.0,7857400.0,0.0,119726865000.0,0.0,244600.0,3727084172.7543464,1214901.0,18512012626.99684,2776.0,16021949.0,4859.0,14074329.0,1.1,358796604.0,0.0,0.0,0.0,1000.0
2026-06-11T00:00:00,TCH,15.3,14.95,15.1,15.080511803588292,15.0,15.2,2813500.0,2647500.0,166000.0,42326347000.0,2400692000.0,7900.0,119136043.24834749,493900.0,7448264779.792257,2101.0,9023644.0,1789.0,6776145.0,1.1,359184204.0,0.0,0.0,0.0,1000.0
2026-06-12T00:00:00,TCH,15.25,14.9,15.2,15.039294144608686,14.95,15.0,4363500.0,4363500.0,0.0,65623960000.0,0.0,91700.0,1379103273.0606165,1485490.0,22340721058.874756,2717.0,8085053.0,2243.0,9157284.0,1.1,358984104.0,0.0,0.0,0.0,1000.0
2026-06-15T00:00:00,TCH,15.2,14.8,15.15,14.955739798033395,15.05,14.95,6030700.0,6030700.0,0.0,90193580000.0,0.0,242300.0,3623775753.063492,3380200.0,50553391665.312485,4126.0,10005346.0,2691.0,10249143.0,1.1,360273705.0,0.0,0.0,0.0,1000.0
2026-06-16T00:00:00,TCH,15.35,15.05,15.2,15.221849578043031,15.35,15.05,5261200.0,5261200.0,0.0,80085195000.0,0.0,379800.0,5781258469.740744,1085900.0,16529406456.796928,3013.0,12241081.0,3447.0,9086657.0,1.1,360549505.0,0.0,0.0,0.0,1000.0
2026-06-17T00:00:00,TCH,15.9,15.3,15.45,15.493986551137573,15.3,15.35,7524800.0,7524800.0,0.0,116589150000.0,0.0,254700.0,3946318374.5747395,1172400.0,18165149832.553688,4078.0,14293193.0,4339.0,15723351.0,1.1,362162695.0,0.0,0.0,0.0,1000.0
2026-06-18T00:00:00,TCH,15.4,15.0,15.35,15.199306741481662,15.1,15.3,4918800.0,4918800.0,0.0,74762350000.0,0.0,96100.0,1460653377.8563879,2045300.0,31087142078.352444,3569.0,7800176.0,2583.0,11041426.0,1.1,365534395.0,0.0,0.0,0.0,1000.0
2026-06-19T00:00:00,TCH,15.45,14.9,15.1,15.049036488767694,14.9,15.1,3850500.0,3850500.0,0.0,57946315000.0,0.0,500.0,7524518.244383846,750000.0,11286777366.57577,2829.0,8526211.0,2308.0,8749330.0,1.1,366336595.0,0.0,0.0,0.0,1000.0
2026-06-22T00:00:00,TCH,15.05,14.8,15.0,14.876911791260383,14.9,14.9,2215200.0,2215200.0,0.0,32955335000.0,0.0,0.0,0.0,173405.0,2579730889.1635065,2478.0,5041694.0,1448.0,4769747.0,1.1,366908195.0,0.0,0.0,0.0,1000.0
2026-06-23T00:00:00,TCH,15.15,14.6,14.95,14.796518243126405,14.6,14.9,5783000.0,5783000.0,0.0,85568265000.0,0.0,1000.0,14796518.243126405,145500.0,2152893404.3748918,3847.0,10674924.0,2413.0,10564376.0,1.1,369205295.0,1509789000.0,0.0,1509789000.0,1000.0
2026-06-24T00:00:00,TCH,14.7,14.15,14.65,14.437610396991955,14.5,14.6,4704400.0,4574400.0,130000.0,68058405000.0,2015000000.0,67000.0,967319896.598461,1009200.0,14570436412.644281,3532.0,7756945.0,2280.0,7885051.0,1.1,369807395.0,0.0,-2015000000.0,-2015000000.0,1000.0
2026-06-25T00:00:00,TCH,14.65,14.3,14.65,14.448578126592599,14.35,14.5,1962200.0,1962200.0,0.0,28351000000.0,0.0,37000.0,534597390.6839262,39300.0,567829120.3750892,1909.0,3705528.0,1485.0,4766739.0,1.1,370091500.0,0.0,0.0,0.0,1000.0
2026-06-26T00:00:00,TCH,14.45,14.2,14.3,14.278843226788434,14.25,14.35,1940600.0,1773900.0,166700.0,27721385000.0,2392145000.0,10900.0,155639391.1719939,15900.0,227033607.30593607,2323.0,3955498.0,1187.0,4181606.0,1.1,370272000.0,-8640000.0,0.0,-8640000.0,1000.0
2026-06-29T00:00:00,TCH,14.5,14.2,14.25,14.338771048166036,14.4,14.25,3064400.0,3064400.0,0.0,43939730000.0,0.0,189100.0,2711461605.2081976,421100.0,6038056488.382718,1821.0,5006329.0,1588.0,5119878.0,1.1,371045000.0,0.0,0.0,0.0,1000.0
2026-06-30T00:00:00,TCH,14.6,14.35,14.35,14.524309420737993,14.55,14.4,1940400.0,1940400.0,0.0,28182970000.0,0.0,45600.0,662308509.5856525,3800.0,55192375.79880437,1653.0,4051505.0,1796.0,4293989.0,1.1,371249600.0,0.0,0.0,0.0,1000.0
2026-07-01T00:00:00,TCH,14.65,14.5,14.6,14.57028170681186,14.6,14.55,1689700.0,1689700.0,0.0,24619405000.0,0.0,54300.0,791166296.679884,16900.0,246237760.84512043,1845.0,3491536.0,1445.0,4171265.0,1.1,371150500.0,0.0,0.0,0.0,1000.0
2026-07-02T00:00:00,TCH,14.75,14.4,14.65,14.55115426896299,14.4,14.6,1910300.0,1910300.0,0.0,27797070000.0,0.0,2705.0,39360872.29754489,271500.0,3950638384.023452,1790.0,2875869.0,1604.0,5235195.0,1.1,371404695.0,0.0,0.0,0.0,1000.0
2026-07-03T00:00:00,TCH,14.45,14.0,14.4,14.145246468778073,14.3,14.4,5231900.0,5231900.0,0.0,74006515000.0,0.0,27100.0,383336179.30388576,1241200.0,17557079917.047344,4800.0,8686820.0,1876.0,8827625.0,1.1,371353893.0,0.0,0.0,0.0,1000.0
2026-07-06T00:00:00,TCH,14.25,13.6,14.2,13.85635255155803,13.65,14.3,6643000.0,6643000.0,0.0,92047750000.0,0.0,172907.0,2395860350.6322446,841900.0,11665663213.156706,5047.0,10210237.0,2221.0,9261619.0,1.1,371231893.0,-8220000.0,0.0,-8220000.0,1000.0
2026-07-07T00:00:00,TCH,14.0,13.45,13.6,13.722844086861427,13.9,13.65,3840600.0,3840600.0,0.0,52703955000.0,0.0,376600.0,5168023083.112014,12800.0,175652404.3118263,3060.0,7301494.0,1890.0,5958253.0,1.1,371288795.0,-8190000.0,0.0,-8190000.0,1000.0
2026-07-08T00:00:00,TCH,14.2,13.7,13.9,14.02863876108181,14.05,13.9,3564400.0,3564400.0,0.0,50003680000.0,0.0,287254.0,4029782598.675794,14700.0,206220989.7879026,2495.0,6192334.0,2424.0,6806347.0,1.1,372229641.0,0.0,0.0,0.0,1000.0
2026-07-09T00:00:00,TCH,14.0,13.7,13.95,13.836537619613484,13.75,14.05,1598900.0,1598900.0,0.0,22123240000.0,0.0,0.0,0.0,175600.0,2429696006.004128,2016.0,2722142.0,1628.0,4304302.0,1.1,372912134.0,0.0,0.0,0.0,1000.0
2026-07-10T00:00:00,TCH,14.05,13.65,13.75,13.818609865470851,13.65,13.75,2791843.0,2430700.0,361143.0,38682817015.0,5093922015.0,558343.0,7715524088.116591,506643.0,7001101958.071749,1791.0,4613544.0,1691.0,5651143.0,1.1,372715134.0,0.0,0.0,0.0,1000.0
2026-07-13T00:00:00,TCH,13.95,13.55,13.6,13.759197516401125,13.8,13.65,4268000.0,4268000.0,0.0,58724255000.0,0.0,639800.0,8803134570.993439,81500.0,1121374597.5866916,2058.0,10474390.0,2311.0,7070236.0,1.1,372224734.0,0.0,0.0,0.0,1000.0
2026-07-14T00:00:00,TCH,14.7,13.6,13.8,14.290433539995274,14.3,13.8,8887300.0,8887300.0,0.0,127003370000.0,0.0,1199087.0,17135473082.172316,937500.0,13397281443.74557,4044.0,16405699.0,4726.0,15537973.0,1.1,371203147.0,-16800000.0,0.0,-16800000.0,1000.0
2026-07-15T00:00:00,TCH,14.4,13.9,14.25,14.104280383289586,13.9,14.3,3162100.0,3162100.0,0.0,44599145000.0,0.0,125400.0,1768676760.0645142,921100.0,12991452661.048038,2289.0,5113990.0,2072.0,8239835.0,1.1,372080147.0,0.0,0.0,0.0,1000.0
2026-07-16T00:00:00,TCH,14.0,13.1,13.75,13.556880930246285,13.8,13.9,6796700.0,6776700.0,20000.0,92166915000.0,296000000.0,354600.0,4807269977.865333,2268932.0,30759640962.825565,4829.0,11472179.0,2370.0,11850133.0,1.1,371730747.0,8130000.0,0.0,8130000.0,1000.0
2026-07-17T00:00:00,TCH,13.8,13.4,13.8,13.531831981512529,13.45,13.8,2206900.0,2206900.0,0.0,29863400000.0,0.0,600.0,8119099.188907517,374700.0,5070377443.472745,2405.0,4945968.0,1403.0,4473741.0,1.1,372206547.0,8100000.0,0.0,8100000.0,1000.0
2026-07-20T00:00:00,TCH,13.2,12.55,13.2,12.814551806070208,12.55,13.45,7070600.0,7070600.0,0.0,90606570000.0,0.0,62300.0,798346577.5181738,392200.0,5025867218.3407345,4088.0,9640824.0,2558.0,9015961.0,1.1,373000547.0,15720000.0,0.0,15720000.0,1000.0
2026-07-21T00:00:00,TCH,12.8,12.4,12.55,12.593033739598948,12.45,12.55,4602900.0,4602900.0,0.0,57964475000.0,0.0,570900.0,7189362961.937039,389500.0,4904986641.573791,2269.0,7990257.0,1671.0,6840311.0,1.1,374326079.0,0.0,0.0,0.0,1000.0
2026-07-22T00:00:00,TCH,12.7,11.85,12.45,12.115511106949743,11.9,12.45,8544200.0,8544200.0,0.0,103517350000.0,0.0,1845900.0,22364021952.31853,2790500.0,33808333743.94326,4502.0,15606685.0,2741.0,11854381.0,1.1,373237179.0,7500000.0,0.0,7500000.0,1000.0
2026-07-23T00:00:00,TCH,12.25,11.25,11.9,11.742530976790993,11.9,11.9,6359600.0,6359600.0,0.0,74677800000.0,0.0,1329520.0,15611929784.26316,2461600.0,28905414252.468708,4129.0,12297685.0,2460.0,10423040.0,1.1,374076259.0,0.0,0.0,0.0,1000.0
2026-07-24T00:00:00,TCH,12.15,11.7,11.8,11.888009447710939,11.7,11.9,1989900.0,1989900.0,0.0,23655950000.0,0.0,143000.0,1699985351.0226645,273761.0,3254473354.414795,2088.0,4000780.0,1640.0,4755995.0,1.1,375183979.0,0.0,0.0,0.0,1000.0
2026-07-27T00:00:00,TCH,11.85,11.0,11.7,11.40987833720837,11.0,11.7,4989200.0,4989200.0,0.0,56926165000.0,0.0,649900.0,7415279931.35172,260627.0,2973722361.391606,2395.0,7083245.0,1621.0,8139787.0,1.1,375757379.0,0.0,0.0,0.0,1000.0
2026-07-28T00:00:00,TCH,11.5,10.55,10.55,11.171730029838338,11.25,11.0,6736300.0,6736300.0,0.0,75256125000.0,0.0,2279600.0,25467075776.019478,1600000.0,17874768047.74134,3865.0,14979136.0,2958.0,10312248.0,1.1,374910286.0,0.0,0.0,0.0,1000.0
2026-07-29T00:00:00,TCH,11.4,10.95,11.25,11.07625422093584,11.2,11.25,3731400.0,3731400.0,0.0,41329935000.0,0.0,416900.0,4617690384.708153,1335100.0,14787907010.371443,3447.0,7148483.0,1569.0,6364049.0,1.1,376066047.0,0.0,0.0,0.0,1000.0
2026-07-30T00:00:00,TCH,11.7,11.2,11.2,11.538487396729051,11.55,11.2,4744800.0,4744800.0,0.0,54747815000.0,0.0,128602.0,1483872556.1941495,590100.0,6808861412.809813,2665.0,8648793.0,2572.0,9907788.0,1.1,376486645.0,0.0,0.0,0.0,1000.0
2026-07-31T00:00:00,TCH,11.75,11.4,11.7,11.57240574772239,11.4,11.55,4050300.0,4050300.0,0.0,46871715000.0,0.0,97200.0,1124837838.6786163,948100.0,10971797889.415598,2139.0,6075346.0,2066.0,7268625.0,1.1,376509947.0,0.0,0.0,0.0,1000.0
2026-08-03T00:00:00,TCH,12.15,11.45,11.6,11.962193221144954,12.15,11.4,7570600.0,7570600.0,0.0,90560980000.0,0.0,828500.0,9910677083.718596,238121.0,2848449412.012258,3103.0,15103221.0,2924.0,9376967.0,1.1,376776747.0,1200000000.0,0.0,1200000000.0,1000.0
2026-08-04T00:00:00,TCH,12.35,12.0,12.15,12.184200507614214,12.3,12.15,4728000.0,4728000.0,0.0,57606900000.0,0.0,468300.0,5705861097.715736,461500.0,5623008534.263959,3076.0,10477115.0,2246.0,9540156.0,1.1,376936066.0,0.0,0.0,0.0,1000.0
2026-08-05T00:00:00,TCH,12.6,12.1,12.4,12.314315005198104,12.25,12.3,7055600.0,6925600.0,130000.0,86883020000.0,1599000000.0,571600.0,7038862456.971237,889600.0,10954814628.624235,3864.0,10541203.0,2700.0,12497040.0,1.1,377651066.0,0.0,1599000000.0,1599000000.0,1000.0
2026-08-06T00:00:00,TCH,12.25,11.9,12.25,12.031745789517494,12.1,12.25,3604100.0,3604100.0,0.0,43363615000.0,0.0,165832.0,1995248467.767265,168400.0,2026145990.954746,3565.0,7468095.0,1581.0,6440532.0,1.1,378077234.0,0.0,0.0,0.0,1000.0
2026-08-07T00:00:00,TCH,12.1,11.8,11.95,11.900109555110985,11.8,12.1,5248500.0,5248500.0,0.0,62457725000.0,0.0,136300.0,1621984932.361627,1632000.0,19420978793.941128,4158.0,8690456.0,1882.0,8472359.0,1.1,378110366.0,14275000.0,0.0,14275000.0,1000.0
2026-08-10T00:00:00,TCH,12.35,11.95,11.95,12.195626218616855,12.3,11.8,4154300.0,4154300.0,0.0,50664290000.0,0.0,622700.0,7594216446.332715,96500.0,1176877930.0965264,2742.0,8563984.0,2701.0,7270450.0,1.1,377943866.0,246000000.0,0.0,246000000.0,1000.0
2026-08-11T00:00:00,TCH,12.4,12.1,12.35,12.240180553131,12.25,12.3,4009900.0,4009900.0,0.0,49081900000.0,0.0,252900.0,3095541661.8868303,570100.0,6978126933.339984,2818.0,7329530.0,2102.0,8135656.0,1.1,377787234.0,367500000.0,0.0,367500000.0,1000.0
2026-08-12T00:00:00,TCH,12.4,12.1,12.3,12.24278359489641,12.2,12.25,4020700.0,4020700.0,0.0,49224560000.0,0.0,229200.0,2806045999.9502573,1049800.0,12852474217.922253,2836.0,7081576.0,2314.0,8426883.0,1.1,379312934.0,12350000.0,0.0,12350000.0,1000.0
2026-08-13T00:00:00,TCH,12.4,11.8,12.3,12.066177291805523,11.8,12.2,5551300.0,5551300.0,0.0,66982970000.0,0.0,224800.0,2712476655.1978817,802100.0,9678280805.75721,3662.0,7933902.0,2715.0,12039983.0,1.1,379248034.0,0.0,0.0,0.0,1000.0
2026-08-14T00:00:00,TCH,12.5,11.55,11.8,11.950122053872054,11.95,11.8,7128000.0,7128000.0,0.0,85180470000.0,0.0,296900.0,3547991237.794613,738800.0,8828750173.400673,4206.0,13510866.0,3146.0,13957944.0,1.1,379528034.0,0.0,0.0,0.0,1000.0
2026-08-17T00:00:00,TCH,12.3,11.75,11.9,12.045655865453954,12.2,11.95,4298900.0,4298900.0,0.0,51783070000.0,0.0,566200.0,6820250351.020028,1060700.0,12776827176.48701,2835.0,9016774.0,2859.0,8993210.0,1.1,380034934.0,7140000.0,0.0,7140000.0,1000.0
2026-08-18T00:00:00,TCH,12.3,11.8,12.1,12.012158918005072,11.8,12.2,2957500.0,2957500.0,0.0,35525960000.0,0.0,54300.0,652260229.2476754,89000.0,1069082143.7024513,2133.0,4511922.0,1991.0,8694848.0,1.1,381199834.0,241000000.0,0.0,241000000.0,1000.0
2026-08-19T00:00:00,TCH,12.0,11.6,11.9,11.722650984538125,11.6,11.8,4590200.0,4540200.0,50000.0,53823180000.0,600000000.0,585200.0,6860095356.151711,666600.0,7814319146.293115,3006.0,8071905.0,2195.0,9804817.0,1.1,381110934.0,0.0,600000000.0,600000000.0,1000.0
2026-08-20T00:00:00,TCH,11.8,11.5,11.7,11.623121010811516,11.6,11.6,3092800.0,3070800.0,22000.0,35929880000.0,237600000.0,158300.0,1839940056.011463,487400.0,5665109180.669533,2327.0,6132066.0,1765.0,8207463.0,1.1,381965934.0,0.0,0.0,0.0,1000.0
2026-08-21T00:00:00,TCH,12.4,11.55,11.55,12.181426710596888,12.4,11.6,9135700.0,9135700.0,0.0,111285860000.0,0.0,3003000.0,36580824411.922455,110500.0,1346047651.5209563,3517.0,18134064.0,3770.0,11156253.0,1.1,378475534.0,0.0,0.0,0.0,1000.0
2026-08-24T00:00:00,TCH,13.25,12.4,12.6,12.980418483341069,13.25,12.4,15298100.0,15298100.0,0.0,198575740000.0,0.0,3907900.0,50726177391.04856,587400.0,7624697817.114544,6065.0,25170004.0,7003.0,23399826.0,1.1,375353434.0,-1310000000.0,0.0,-1310000000.0,1000.0
2026-08-25T00:00:00,TCH,13.3,12.85,13.3,13.129457549154349,13.2,13.25,7130600.0,7130600.0,0.0,93620910000.0,0.0,1561300.0,20499022071.494686,346800.0,4553295878.046728,4676.0,14156432.0,4022.0,14119281.0,1.1,374833734.0,-396000000.0,0.0,-396000000.0,1000.0
2026-08-26T00:00:00,TCH,13.55,12.95,13.2,13.310371000219094,13.55,13.2,9584900.0,9584900.0,0.0,127578575000.0,0.0,2959400.0,39390711938.048386,1499500.0,19958901314.828533,6187.0,15873116.0,3703.0,16764463.0,1.1,372199034.0,0.0,0.0,0.0,1000.0
2026-08-27T00:00:00,TCH,13.85,13.3,13.55,13.599267243918243,13.75,13.55,8488500.0,8488500.0,0.0,115437380000.0,0.0,2337800.0,31792366962.832066,1502000.0,20426099400.3652,3664.0,12960866.0,4492.0,16838203.0,1.1,371372234.0,0.0,0.0,0.0,1000.0
2026-08-28T00:00:00,TCH,13.7,13.35,13.7,13.504876704224595,13.4,13.75,7437400.0,7437400.0,0.0,100441170000.0,0.0,1143220.0,15439045145.80364,751600.0,10150265330.895205,4219.0,12210642.0,3340.0,14506640.0,1.1,371735814.0,2055560000.0,0.0,2055560000.0,1000.0
2026-09-03T00:00:00,TCH,12.4,11.95,12.3,12.178155306258782,11.95,12.2,4341100.0,4341100.0,0.0,52866590000.0,0.0,254792.0,3102896546.792288,479900.0,5844296731.47359,3476.0,7033643.0,2191.0,8223542.0,1.0,372259522.0,0.0,0.0,0.0,1000.0
2026-09-04T00:00:00,TCH,12.3,11.9,11.95,12.083222781335774,12.2,11.95,4809200.0,4809200.0,0.0,58110635000.0,0.0,669100.0,8084884362.991766,420600.0,5082203501.829826,4152.0,9735534.0,2030.0,7523102.0,1.0,371813914.0,3535970000.0,0.0,3535970000.0,1000.0
2026-09-07T00:00:00,TCH,12.45,12.0,12.45,12.205201762018707,12.2,12.2,3677600.0,3677600.0,0.0,44885850000.0,0.0,1800.0,21969363.171633676,672700.0,8210439225.309985,2939.0,6868374.0,2285.0,7748759.0,1.0,372250714.0,0.0,0.0,0.0,1000.0
2026-09-08T00:00:00,TCH,12.3,12.1,12.15,12.16902625514978,12.1,12.2,2864200.0,2864200.0,0.0,34854525000.0,0.0,26755.0,325582297.45653236,329300.0,4007260345.8208227,2227.0,5552734.0,1846.0,6567214.0,1.0,372459267.0,-3924030000.0,0.0,-3924030000.0,1000.0
2026-09-09T00:00:00,TCH,12.4,12.05,12.15,12.195553799442665,12.2,12.1,4808600.0,4808600.0,0.0,58643540000.0,0.0,0.0,0.0,682760.0,8326636312.107474,2473.0,8066311.0,2660.0,11014383.0,1.0,372495222.0,1342435000.0,0.0,1342435000.0,1000.0
2026-09-10T00:00:00,TCH,12.35,12.1,12.2,12.20248681753268,12.1,12.2,3671200.0,3641200.0,30000.0,44797695000.0,366000000.0,16600.0,202561281.1710425,194200.0,2369722939.9648466,2256.0,6038068.0,2054.0,7995097.0,1.0,373150722.0,1738890000.0,0.0,1738890000.0,1000.0
2026-09-11T00:00:00,TCH,12.05,11.5,12.0,11.72022081218274,11.7,12.1,9850000.0,9850000.0,0.0,115444175000.0,0.0,993700.0,11646383421.06599,468300.0,5488579406.345178,6474.0,16456256.0,2778.0,14075246.0,1.0,372450767.0,0.0,0.0,0.0,1000.0
2026-09-14T00:00:00,TCH,11.7,11.2,11.5,11.436065329097461,11.45,11.7,4690100.0,4690100.0,0.0,53636290000.0,0.0,500600.0,5724894303.746189,125800.0,1438657018.4004605,3747.0,8815086.0,1754.0,7693844.0,1.0,373087027.0,-1982320000.0,0.0,-1982320000.0,1000.0
2026-09-15T00:00:00,TCH,11.65,11.4,11.4,11.504931188801777,11.6,11.45,2971900.0,2971900.0,0.0,34191505000.0,0.0,165500.0,1904066111.746694,76700.0,882428222.1810963,2913.0,5541096.0,1516.0,6057140.0,1.0,373258427.0,0.0,0.0,0.0,1000.0
2026-09-16T00:00:00,TCH,11.6,11.25,11.5,11.366942165259228,11.3,11.6,5009100.0,5009100.0,0.0,56938150000.0,0.0,1200.0,13640330.598311074,1208200.0,13733539524.0662,3297.0,7526317.0,2407.0,9577617.0,1.0,373365627.0,128820000.0,0.0,128820000.0,1000.0
2026-09-17T00:00:00,TCH,11.95,11.2,11.25,11.691432264362415,11.7,11.3,5531800.0,5531800.0,0.0,64674665000.0,0.0,390800.0,4569011728.912831,643420.0,7522501347.536064,3283.0,9557652.0,3500.0,10398813.0,1.0,372975127.0,0.0,0.0,0.0,1000.0
2026-09-18T00:00:00,TCH,11.9,11.65,11.8,11.767607001072184,11.85,11.7,3450900.0,3450900.0,0.0,40608835000.0,0.0,1152300.0,13559813547.335478,136600.0,1607455116.3464603,2406.0,7875062.0,2553.0,7490052.0,1.0,371595927.0,-135090000.0,0.0,-135090000.0,1000.0
2026-09-21T00:00:00,TCH,12.1,11.5,11.9,11.705089997777831,11.7,11.85,4050100.0,4050100.0,0.0,47406785000.0,0.0,115600.0,1353108403.7431176,134400.0,1573164095.7013407,3271.0,6724325.0,2347.0,8263613.0,1.0,373362427.0,583855000.0,0.0,583855000.0,1000.0
2026-09-22T00:00:00,TCH,11.85,11.55,11.7,11.676959357987611,11.7,11.7,2130800.0,2130800.0,0.0,24881265000.0,0.0,60800.0,709959128.9656467,106500.0,1243596171.6256804,2071.0,5267176.0,1967.0,5909959.0,1.0,373731847.0,0.0,0.0,0.0,1000.0
2026-09-23T00:00:00,TCH,11.8,11.45,11.75,11.595397765686874,11.55,11.7,3106100.0,3106100.0,0.0,36016465000.0,0.0,63700.0,738626837.674254,286800.0,3325560079.1989956,0.0,0.0,0.0,0.0,1.0,373736547.0,,,,1000.0
